P=? [ F "success" ]	R=? [ F "done" ]
0.99	38.044
0.9603	37.7702
1.0	38.2043
0.97	37.9308
1.0	38.2043
0.9801	38.0035
0.99	38.044
0.9891	38.0358
0.9601	37.7696
0.9882	38.0313
0.9699	37.9303
0.97	37.9308
0.9891	38.0358
0.9507	37.7622
0.9899	38.0436
0.97	37.9308
0.98	38.0033
0.9999	38.2027
0.999	38.1956
1.0	38.2043
0.97	37.9308
0.97	37.9308
1.0	38.2043
0.9801	38.0035
0.9891	38.0358
0.9506	37.731
0.9801	38.0035
0.9999	38.2027
0.9999	38.2027
0.9999	38.2027
0.97	37.9308
0.9791	37.9953
0.9603	37.7702
0.9999	38.2027
0.99	38.044
0.9507	37.7622
0.969	37.9302
0.9991	38.1963
0.98	38.0033
0.97	37.9308
0.9507	37.7622
0.9891	38.0358
0.99	38.044
0.97	37.9308
