P=? [ F "success" ]	R=? [ F "done" ]
-0.0	0.0
-0.0	0.0
1.0	31.173
1.0	31.173
-0.0	0.0
1.0	31.173
0.9889	31.0798
1.0	31.173
-0.0	0.0
-0.0	0.0
0.99	31.0821
0.9989	31.1701
-0.0	0.0
0.9507	30.9422
-0.0	0.0
-0.0	0.0
-0.0	0.0
1.0	31.173
-0.0	0.0
0.9801	31.0316
0.9991	31.1711
0.9999	31.172
-0.0	0.0
0.9991	31.1711
1.0	31.173
-0.0	0.0
1.0	31.173
0.9792	31.0004
0.9507	30.9422
0.9507	30.9422
0.9801	31.0316
-0.0	0.0
1.0	31.173
1.0	31.173
1.0	31.173
0.9889	31.0798
0.9998	31.1715
0.9799	31.0017
1.0	31.173
1.0	31.173
1.0	31.173
-0.0	0.0
-0.0	0.0
0.999	31.1705
-0.0	0.0
0.9801	31.0316
0.989	31.0803
-0.0	0.0
0.9507	30.9422
0.9991	31.1711
