r1_maxRetry_t2l2	r1_maxRetry_t2l5	r1_maxRetry_t3l6b	r1_maxRetry_t3l6c	r1_maxRetry_t2l3	r2_maxRetry_t2l4	r2_maxRetry_t3l7	worker1_maxRetry_t1l5a	worker1_maxRetry_t1l5b	worker1_maxRetry_t3l6a	worker1_maxRetry_t3l9	worker1_maxRetry_t1l9

4 7 5 2 7 4 5 3 3 3 3 2 
7 6 6 7 7 6 5 4 5 3 5 3 
9 2 4 10 4 6 5 4 4 1 3 2 
8 7 4 10 7 3 10 4 1 3 5 1 
3 4 1 6 2 8 4 5 1 1 5 5 
7 7 2 4 2 5 8 1 5 1 4 1 
9 8 5 7 6 10 6 1 1 3 5 4 
8 6 7 7 6 9 6 5 4 5 5 5 
6 6 8 5 8 10 3 2 5 3 5 4 
5 10 10 7 3 9 7 3 5 5 3 2 
6 3 8 8 10 10 5 2 5 1 4 5 
1 1 3 9 5 5 1 4 2 1 5 4 
4 3 10 3 7 6 9 4 5 2 5 1 
2 7 9 3 10 6 4 1 5 2 4 1 
5 6 7 9 7 6 10 3 1 5 5 3 
8 7 10 5 10 6 5 2 4 5 3 3 
7 3 6 7 4 3 4 1 2 5 3 2 
5 8 9 10 4 6 6 5 5 4 5 3 
9 7 6 9 5 6 8 4 1 5 4 4 
7 9 2 7 4 3 4 3 2 2 5 4 
1 5 2 9 10 6 8 1 5 1 2 1 
9 7 6 5 3 8 8 4 2 5 3 5 
4 10 9 7 10 10 5 2 5 1 4 5 
6 9 7 8 7 5 5 4 4 1 3 2 
7 9 2 7 4 3 4 3 2 2 5 4 
5 10 10 7 3 9 7 3 3 4 3 1 
9 7 6 9 5 6 8 4 1 5 4 4 
10 2 2 10 4 4 10 3 5 2 5 5 
2 4 10 2 8 5 3 5 4 1 2 1 
3 6 7 6 10 10 6 4 2 3 4 5 
7 9 2 7 4 3 4 3 2 2 5 4 
3 1 2 7 7 4 9 3 2 1 4 4 
5 10 10 7 3 9 4 3 4 1 5 1 
9 7 5 2 7 4 5 3 3 3 3 1 
5 10 10 7 3 9 7 3 5 5 3 2 
7 6 6 7 7 6 5 4 5 3 5 3 
10 7 10 8 5 9 4 2 1 3 3 1 
8 7 10 5 10 6 5 2 4 5 3 3 
5 8 9 10 5 5 5 2 1 4 3 3 
7 6 2 4 2 5 8 1 5 1 4 1 
7 6 6 7 7 6 5 4 5 3 5 3 
4 1 4 8 4 6 5 2 5 1 4 5 
