r2_maxRetry_t2l1	worker1_maxRetry_t3l4	worker1_maxRetry_t3l7	worker2_maxRetry_t3l2	worker2_maxRetry_t1l5b	worker2_maxRetry_t1l5a	r1_maxRetry_t3l3	r1_maxRetry_t3l6	r1_maxRetry_t2l5	r1_maxRetry_t2l8	r1_maxRetry_t2l9

5 5 4 3 2 5 2 9 6 10 3 
2 3 2 2 5 5 1 2 7 3 7 
10 5 4 3 5 1 5 8 10 8 6 
10 5 5 4 4 1 5 3 10 5 3 
6 1 3 1 1 3 9 3 8 4 7 
5 3 3 1 4 1 1 5 7 8 8 
3 3 4 1 4 4 4 4 9 3 9 
5 2 4 2 4 1 9 10 10 10 7 
10 5 4 4 1 5 3 1 9 4 9 
7 5 5 1 3 4 10 8 5 9 8 
5 2 5 3 5 2 1 4 4 3 8 
8 3 5 4 4 3 9 3 3 4 6 
7 2 3 1 3 3 1 6 9 3 8 
5 1 5 1 1 4 8 2 6 2 9 
6 3 3 2 5 2 3 10 5 4 10 
4 4 3 4 3 4 7 6 9 9 5 
1 2 1 4 5 1 1 1 8 6 7 
6 2 3 4 4 5 2 3 5 2 9 
3 5 5 4 2 5 3 9 5 4 10 
6 2 3 4 4 5 2 3 5 7 7 
6 2 3 4 4 5 2 3 5 2 9 
7 5 5 1 3 4 10 8 5 9 8 
10 5 4 4 1 5 3 1 9 7 10 
10 5 5 4 4 1 5 3 10 5 3 
10 1 2 1 3 5 8 3 9 2 10 
7 1 1 1 2 1 4 1 10 7 1 
6 1 3 1 1 3 9 3 8 9 3 
5 3 3 1 4 1 1 6 7 8 8 
3 3 4 1 4 4 4 4 9 3 10 
5 2 4 2 4 4 3 3 5 9 3 
5 2 4 2 4 4 3 5 8 5 9 
6 4 2 2 5 4 1 5 7 8 8 
10 2 2 1 2 1 2 9 6 10 3 
7 2 3 1 3 3 1 6 4 4 7 
10 5 5 4 4 1 5 3 10 5 3 
10 2 5 1 3 5 5 10 5 10 7 
