P=? [ F "success" ]	R=? [ F "done" ]
0.9991	37.2465
0.9688	37.005
-0.0	0.0
1.0	37.2536
0.9801	37.1221
0.9603	36.9405
0.99	37.1832
-0.0	0.0
0.97	37.0717
-0.0	0.0
0.9699	37.0104
1.0	37.2536
0.9602	36.9399
0.9791	37.1166
0.9999	37.2528
-0.0	0.0
0.9221	36.8334
0.9989	37.2455
1.0	37.2536
0.999	37.2457
0.9989	37.2455
0.9989	37.2455
0.97	37.0717
1.0	37.2536
0.9799	37.1219
0.9318	36.9398
0.9801	37.1221
0.9603	36.9405
0.99	37.1832
0.9997	37.2521
0.9998	37.2522
0.9698	37.0103
0.9889	37.1754
0.9602	36.9399
1.0	37.2536
0.9899	37.1827
