P=? [ F "success" ]	R=? [ F "done" ]
0.97	39.0909
0.97	39.0909
0.97	39.0909
1.0	39.2139
0.9603	39.031
0.9891	39.1798
0.99	39.1835
0.9315	39.0001
1.0	39.2139
0.9999	39.2133
1.0	39.2139
0.9899	39.1829
0.9991	39.2121
0.99	39.1835
0.9982	39.2084
0.9801	39.1224
0.9603	39.031
0.9698	39.0906
1.0	39.2139
0.9882	39.1779
0.9998	39.2131
0.9991	39.2121
0.97	39.0909
0.99	39.1835
0.9991	39.2121
0.9315	39.0001
0.99	39.1835
0.9991	39.2121
0.97	39.0909
1.0	39.2139
0.9602	39.0307
0.999	39.2103
0.9982	39.2084
0.9899	39.1829
0.99	39.1835
0.9507	39.0305
0.9801	39.1224
0.9698	39.0906
0.9407	39.0303
