P=? [ F "success" ]	R=? [ F "done" ]
1.0	37.202
0.9701	36.8011
0.9899	36.9793
0.9998	37.1986
0.99	36.9805
1.0	37.202
0.9999	37.1998
0.9999	37.1998
1.0	37.202
0.9999	37.1998
0.9999	37.1998
0.9606	36.7711
0.9703	36.8304
0.9999	37.1998
0.9998	37.1986
0.9801	36.8607
1.0	37.202
0.9999	37.1998
0.9899	36.9793
1.0	37.202
0.9899	36.9793
0.9998	37.1986
0.9801	36.8607
0.9801	36.8607
0.9999	37.1998
0.9606	36.7711
1.0	37.202
0.9999	37.1998
1.0	37.202
1.0	37.202
1.0	37.202
1.0	37.202
1.0	37.202
1.0	37.202
0.9999	37.1998
0.9999	37.1998
0.9801	36.8607
0.9999	37.1998
0.9998	37.1986
