worker1_maxRetry_t3l1	worker2_maxRetry_t1l7	worker2_maxRetry_t3l7a	worker2_maxRetry_t3l9	worker2_maxRetry_t1l6	r1_maxRetry_t3l5	r1_maxRetry_t2l6	r1_maxRetry_t2l3	r2_maxRetry_t2l7	r2_maxRetry_t3l7b

5 3 1 5 4 8 7 7 4 4 
4 1 1 2 5 5 7 7 9 9 
3 1 2 5 3 5 10 10 7 7 
5 3 2 2 2 7 10 6 2 9 
4 2 2 5 5 8 6 5 4 9 
5 2 2 4 1 5 6 3 7 4 
2 5 2 3 4 2 9 2 5 8 
1 1 5 1 1 1 8 10 10 6 
3 5 4 5 3 2 6 4 4 9 
3 2 1 2 4 4 10 8 5 6 
4 4 1 1 1 4 3 3 1 3 
3 2 1 1 5 7 4 5 6 10 
1 3 4 1 1 1 5 3 4 9 
5 4 3 3 4 3 6 4 9 6 
5 1 2 2 2 10 4 8 6 9 
5 3 2 2 2 7 10 6 2 9 
3 3 4 4 3 2 10 6 2 9 
5 2 2 4 1 5 6 3 7 8 
5 5 2 5 5 8 6 5 4 9 
1 5 4 1 1 1 8 10 10 6 
5 2 2 4 1 5 6 3 7 8 
5 2 3 3 5 3 5 4 9 9 
4 2 2 5 5 8 6 5 4 9 
3 5 5 1 3 1 3 9 9 8 
5 5 2 3 4 8 6 5 4 9 
4 2 2 5 5 8 6 5 5 5 
5 2 2 5 5 5 10 10 7 7 
4 2 2 2 5 5 8 6 7 3 
3 5 4 5 3 2 6 4 8 8 
