P=? [ F "success" ]	R=? [ F "done" ]
0.9988	30.1195
1.0	30.1218
1.0	30.1218
0.9899	30.0207
0.9999	30.1208
1.0	30.1218
1.0	30.1218
1.0	30.1218
1.0	30.1218
1.0	30.1218
1.0	30.1218
0.99	30.0213
1.0	30.1218
1.0	30.1218
0.9801	29.9607
1.0	30.1218
1.0	30.1218
0.99	30.0213
0.9999	30.1208
0.9999	30.1208
1.0	30.1218
1.0	30.1218
1.0	30.1218
1.0	30.1218
0.99	30.0213
1.0	30.1218
0.9891	30.0204
0.99	30.0213
0.9791	29.9594
0.9998	30.1202
1.0	30.1218
0.9999	30.1208
0.99	30.0213
0.9999	30.1208
0.99	30.0213
0.99	30.0213
0.9999	30.1208
0.99	30.0213
0.9999	30.1208
1.0	30.1218
0.9999	30.1208
0.99	30.0213
0.9999	30.1208
0.9999	30.1208
0.99	30.0213
1.0	30.1218
0.9999	30.1208
0.9899	30.0207
1.0	30.1218
1.0	30.1218
1.0	30.1218
1.0	30.1218
0.9999	30.1208
1.0	30.1218
0.9988	30.1195
0.99	30.0213
0.9791	29.9594
1.0	30.1218
1.0	30.1218
1.0	30.1218
0.999	30.1199
1.0	30.1218
0.9701	29.9206
1.0	30.1218
0.99	30.0213
0.99	30.0213
0.9999	30.1208
1.0	30.1218
1.0	30.1218
1.0	30.1218
0.9998	30.1202
0.99	30.0213
1.0	30.1218
0.9999	30.1208
1.0	30.1218
0.9999	30.1208
