r2_maxRetry_t2l4	r2_maxRetry_t3l5	r2_maxRetry_t2l5	r2_maxRetry_t2l8	worker1_maxRetry_t1l1b	worker1_maxRetry_t1l1a	worker1_maxRetry_t1l7	worker2_maxRetry_t1l3	worker2_maxRetry_t3l6c	worker2_maxRetry_t3l6b	worker2_maxRetry_t3l6a

3 6 4 5 1 5 3 5 3 3 3 
2 6 8 4 3 1 1 4 1 1 4 
9 2 3 6 3 4 4 3 3 4 3 
6 5 6 4 5 4 1 2 2 2 4 
6 1 5 10 5 5 4 5 1 3 5 
10 5 3 5 4 3 2 2 4 5 3 
4 1 5 8 4 3 2 4 1 4 5 
4 2 3 9 5 3 3 2 4 5 5 
9 5 1 9 4 5 1 2 1 1 5 
4 5 5 9 1 1 3 5 5 4 4 
4 6 9 3 4 3 2 2 1 3 4 
9 9 6 4 2 1 2 5 4 5 5 
5 9 8 9 2 5 4 2 4 5 3 
10 4 7 8 1 3 5 2 1 1 3 
8 4 6 9 5 5 3 2 3 5 5 
10 6 2 8 3 1 3 5 1 5 5 
2 4 4 3 5 1 2 5 1 5 2 
9 3 10 9 5 1 2 4 2 5 5 
4 2 3 9 4 2 4 1 1 5 5 
3 2 5 3 4 1 2 3 4 2 4 
5 7 9 3 5 1 1 4 1 1 4 
9 5 1 9 4 5 1 2 1 1 3 
6 5 6 4 5 4 1 2 2 2 4 
8 4 6 9 5 5 3 2 3 5 5 
3 2 5 3 4 4 3 5 3 4 4 
6 2 7 9 4 4 2 2 2 2 4 
6 5 6 4 5 4 1 2 2 2 4 
7 5 7 7 4 1 4 3 3 5 3 
7 7 4 5 2 3 3 2 4 5 5 
5 3 10 9 5 1 2 4 2 5 5 
9 9 6 4 2 1 2 5 4 5 4 
