P=? [ F "success" ]	R=? [ F "done" ]
0.9999	33.1705
0.9999	33.1705
1.0	33.1723
0.99	32.9913
0.9801	32.9116
1.0	33.1723
0.9998	33.1697
1.0	33.1723
0.98	32.9114
0.9998	33.1697
0.9899	32.9905
1.0	33.1723
0.9899	32.9905
1.0	33.1723
1.0	33.1723
1.0	33.1723
1.0	33.1723
1.0	33.1723
0.9997	33.1695
0.9703	32.8911
1.0	33.1723
1.0	33.1723
1.0	33.1723
1.0	33.1723
0.9899	32.9905
0.9999	33.1705
0.9899	32.9905
0.9899	32.9905
1.0	33.1723
0.99	32.9913
0.99	32.9913
1.0	33.1723
0.9898	32.9903
1.0	33.1723
1.0	33.1723
1.0	33.1723
1.0	33.1723
1.0	33.1723
1.0	33.1723
1.0	33.1723
1.0	33.1723
0.9899	32.9905
