r1_maxRetry_t3l1	r2_maxRetry_t2l4	r2_maxRetry_t2l5	r2_maxRetry_t3l8	r2_maxRetry_t3l7a	r2_maxRetry_t3l7b	r2_maxRetry_t3l7c	worker1_maxRetry_t3l2	worker1_maxRetry_t3l6a	worker1_maxRetry_t3l6b	worker1_maxRetry_t1l6a	worker1_maxRetry_t1l6b

8 6 5 4 6 10 6 5 2 5 1 5 
7 9 10 5 2 1 9 1 1 3 1 2 
7 10 8 4 3 4 8 5 4 5 5 1 
8 5 3 4 7 7 7 3 5 5 1 3 
9 6 7 5 5 5 3 1 2 2 5 5 
4 3 4 2 5 5 10 2 2 5 1 1 
6 8 5 8 3 4 8 2 5 2 4 1 
6 9 10 2 3 6 10 1 5 4 2 5 
5 4 4 4 9 10 4 2 3 2 4 2 
8 10 3 10 9 4 3 2 4 3 5 3 
8 6 4 4 5 9 4 2 3 3 2 1 
10 10 4 2 9 4 7 3 4 5 5 4 
9 9 7 10 10 8 7 1 2 2 3 3 
4 10 2 10 8 10 4 4 4 4 3 3 
4 9 9 3 5 7 3 2 2 4 1 1 
10 9 1 9 7 6 8 1 4 3 5 1 
8 5 7 8 3 9 5 2 3 2 3 4 
10 5 5 4 6 5 8 5 5 4 5 4 
8 8 5 8 5 6 8 5 2 5 4 1 
5 7 5 10 6 9 10 2 5 3 4 1 
10 2 7 2 8 7 8 1 5 5 5 4 
5 5 3 9 10 9 7 4 4 5 4 3 
7 5 4 10 5 8 10 3 4 5 5 5 
10 2 7 2 8 7 8 1 5 5 5 4 
6 9 10 2 3 6 10 1 5 4 2 5 
6 9 10 2 3 6 10 1 1 3 1 2 
5 7 5 10 6 9 10 2 5 3 4 3 
5 4 4 4 9 10 4 2 3 2 4 2 
10 9 1 9 7 6 8 1 4 3 2 5 
10 2 7 2 8 7 8 1 5 5 5 4 
10 10 4 2 9 4 7 3 4 5 5 4 
9 7 5 3 7 5 10 1 5 4 2 5 
7 7 7 5 5 5 3 1 2 2 5 5 
10 10 4 2 9 4 7 3 4 5 5 4 
9 9 7 10 10 8 7 1 2 2 3 3 
8 3 2 10 9 1 10 1 1 1 3 4 
10 3 9 3 5 5 3 1 2 2 5 5 
9 2 7 2 8 7 8 1 5 5 5 4 
9 9 7 10 10 8 7 1 2 2 3 2 
9 6 7 5 5 5 8 2 5 2 4 1 
