P=? [ F "success" ]	R=? [ F "done" ]
1.0	41.1212
1.0	41.1212
1.0	41.1212
1.0	41.1212
0.9999	41.1198
1.0	41.1212
1.0	41.1212
0.99	40.9807
1.0	41.1212
1.0	41.1212
1.0	41.1212
1.0	41.1212
0.99	40.9807
1.0	41.1212
0.9898	40.9804
0.9703	40.95
1.0	41.1212
0.99	40.9807
1.0	41.1212
1.0	41.1212
0.9999	41.1198
1.0	41.1212
0.99	40.9807
1.0	41.1212
1.0	41.1212
1.0	41.1212
0.99	40.9807
0.99	40.9807
0.9999	41.1198
1.0	41.1212
1.0	41.1212
0.9999	41.1198
0.9998	41.1195
1.0	41.1212
1.0	41.1212
0.9999	41.1198
0.9999	41.1198
1.0	41.1212
1.0	41.1212
0.9999	41.1198
0.99	40.9807
1.0	41.1212
1.0	41.1212
0.9703	40.95
0.9999	41.1198
0.9999	41.1198
1.0	41.1212
0.9999	41.1198
1.0	41.1212
1.0	41.1212
1.0	41.1212
0.9999	41.1198
1.0	41.1212
0.99	40.9807
1.0	41.1212
1.0	41.1212
1.0	41.1212
1.0	41.1212
1.0	41.1212
0.9999	41.1198
1.0	41.1212
0.9801	40.9505
1.0	41.1212
0.9999	41.1198
0.9999	41.1198
1.0	41.1212
0.9898	40.9804
0.9999	41.1198
0.9999	41.1198
1.0	41.1212
1.0	41.1212
1.0	41.1212
1.0	41.1212
0.9898	40.9804
1.0	41.1212
1.0	41.1212
1.0	41.1212
1.0	41.1212
1.0	41.1212
0.99	40.9807
1.0	41.1212
1.0	41.1212
0.99	40.9807
0.99	40.9807
0.9999	41.1198
0.99	40.9807
1.0	41.1212
0.9998	41.1195
