worker2_maxRetry_t3l1	worker2_maxRetry_t1l1	r1_maxRetry_t3l2	r1_maxRetry_t2l3b	r1_maxRetry_t2l3a	r2_maxRetry_t2l1	worker1_maxRetry_t3l4	worker1_maxRetry_t1l4a	worker1_maxRetry_t1l4c	worker1_maxRetry_t1l4b	worker1_maxRetry_t1l5a	worker1_maxRetry_t3l5	worker1_maxRetry_t1l5b

5 1 1 2 9 9 1 2 3 1 5 2 4 
4 5 5 4 5 5 4 2 1 3 5 4 4 
1 1 7 2 8 10 1 3 2 4 1 4 3 
3 1 3 6 7 6 1 5 3 4 4 2 4 
4 4 3 6 5 10 4 3 1 4 2 5 3 
1 2 6 8 6 5 1 5 3 4 5 1 3 
5 1 10 7 6 8 3 1 2 5 1 3 2 
2 1 6 9 5 7 2 2 5 3 3 4 4 
5 2 8 7 9 3 4 2 4 3 5 3 1 
5 4 8 10 8 10 4 4 1 4 1 5 2 
3 4 6 3 8 9 1 5 1 3 2 3 2 
4 1 5 9 4 10 5 2 1 1 5 4 4 
3 1 4 5 8 5 2 2 4 4 5 3 1 
1 3 1 6 5 6 1 3 2 4 4 5 1 
4 1 6 10 10 4 4 2 4 4 3 5 3 
5 5 9 7 8 3 3 5 2 3 4 3 3 
4 3 8 8 7 9 4 5 1 1 3 4 5 
2 2 9 7 4 4 2 2 3 2 3 3 5 
4 1 7 3 8 4 5 3 1 3 1 3 2 
2 1 2 3 7 4 3 3 3 1 5 4 1 
5 5 4 4 10 8 5 2 5 2 4 5 4 
4 4 9 2 8 9 2 4 2 3 5 2 3 
2 3 4 4 6 7 1 3 4 2 1 2 2 
5 3 7 7 3 6 3 1 3 4 3 4 1 
4 5 8 6 9 4 1 5 1 4 3 5 4 
5 5 10 6 9 6 2 2 2 5 4 3 4 
3 4 2 5 4 7 1 5 4 1 2 5 5 
5 4 2 8 9 9 5 4 3 2 2 3 3 
2 1 2 3 7 4 3 3 3 1 5 5 3 
4 3 8 8 7 9 4 5 1 4 3 4 5 
4 5 8 6 9 4 1 5 1 4 3 5 4 
5 2 5 5 5 5 4 2 1 3 5 4 4 
1 3 1 6 5 6 1 3 2 5 5 2 2 
5 2 8 9 5 7 2 2 5 3 3 4 4 
5 3 7 7 3 9 2 4 2 3 5 2 3 
4 1 10 7 4 4 5 3 1 3 1 3 2 
4 2 8 7 9 3 4 2 4 3 5 3 1 
5 5 4 4 10 8 3 5 2 3 4 3 3 
5 5 9 7 8 3 5 2 5 2 4 5 4 
2 5 2 5 10 6 2 5 5 5 3 5 3 
3 4 6 4 7 6 3 5 3 5 1 5 2 
1 1 6 3 8 9 1 5 1 3 2 3 2 
4 2 7 3 8 9 1 5 1 3 2 3 2 
4 5 8 6 9 4 1 5 1 4 3 5 4 
1 1 6 4 7 6 1 5 3 4 5 1 3 
5 2 8 7 9 3 3 3 2 3 2 5 2 
3 3 5 9 8 5 3 5 3 5 1 5 2 
3 5 7 5 6 3 5 2 3 4 3 4 1 
5 1 10 7 6 8 3 1 2 5 1 3 2 
2 1 6 9 5 7 2 2 5 3 3 4 4 
3 5 7 5 6 7 1 5 5 3 1 5 4 
