P=? [ F "success" ]	R=? [ F "done" ]
0.9601	40.9098
1.0	41.2127
0.98	40.9711
0.9899	41.0013
1.0	41.2127
0.9703	40.941
1.0	41.2127
0.9998	41.2103
1.0	41.2127
1.0	41.2127
0.99	41.0017
1.0	41.2127
0.9999	41.2106
0.9507	40.8797
1.0	41.2127
1.0	41.2127
1.0	41.2127
0.9998	41.2103
1.0	41.2127
0.999	41.2097
1.0	41.2127
0.9997	41.2102
0.9898	41.0011
1.0	41.2127
0.99	41.0017
0.9999	41.2106
0.9891	40.999
0.9991	41.21
0.999	41.2097
1.0	41.2127
0.99	41.0017
1.0	41.2127
0.9506	40.8794
0.9999	41.2106
0.9998	41.2103
1.0	41.2127
1.0	41.2127
1.0	41.2127
1.0	41.2127
0.9989	41.2076
1.0	41.2127
0.9801	40.9712
0.99	41.0017
0.99	41.0017
0.9703	40.941
1.0	41.2127
1.0	41.2127
1.0	41.2127
1.0	41.2127
0.9998	41.2103
0.99	41.0017
