P=? [ F "success" ]	R=? [ F "done" ]
1.0	41.1622
1.0	41.1622
0.9999	41.1598
1.0	41.1622
1.0	41.1622
0.999	41.158
1.0	41.1622
0.9999	41.1598
0.9999	41.1598
1.0	41.1622
1.0	41.1622
1.0	41.1622
0.9899	40.9201
0.9999	41.1598
1.0	41.1622
0.9703	40.8117
1.0	41.1622
0.9801	40.8118
1.0	41.1622
0.99	40.9212
0.9899	40.9201
0.99	40.9212
0.9999	41.1598
0.999	41.158
1.0	41.1622
0.9801	40.8118
1.0	41.1622
0.9999	41.1598
0.9998	41.1587
0.9703	40.8117
1.0	41.1622
1.0	41.1622
1.0	41.1622
0.99	40.9212
0.9596	40.8097
0.99	40.9212
0.9999	41.1598
0.9999	41.1598
0.9989	41.1569
0.99	40.9212
0.9999	41.1598
0.9899	40.9201
1.0	41.1622
0.99	40.9212
1.0	41.1622
1.0	41.1622
1.0	41.1622
0.99	40.9212
0.9999	41.1598
1.0	41.1622
0.99	40.9212
0.9801	40.8118
0.9999	41.1598
0.9801	40.8118
0.99	40.9212
1.0	41.1622
1.0	41.1622
1.0	41.1622
0.99	40.9212
0.9999	41.1598
1.0	41.1622
0.9801	40.8118
1.0	41.1622
1.0	41.1622
1.0	41.1622
1.0	41.1622
0.9999	41.1598
0.9899	40.9201
0.9999	41.1598
0.99	40.9212
0.99	40.9212
0.9999	41.1598
0.99	40.9212
0.9999	41.1598
1.0	41.1622
0.99	40.9212
0.9801	40.8118
1.0	41.1622
0.999	41.158
1.0	41.1622
1.0	41.1622
0.9999	41.1598
0.999	41.158
0.99	40.9212
0.9999	41.1598
0.9702	40.8116
0.9801	40.8118
0.99	40.9212
0.999	41.158
1.0	41.1622
1.0	41.1622
0.9801	40.8118
0.9801	40.8118
1.0	41.1622
0.999	41.158
0.9999	41.1598
