worker1_maxRetry_t3l4	worker2_maxRetry_t1l2	worker2_maxRetry_t1l6	worker2_maxRetry_t1l9	r1_maxRetry_t3l1	r2_maxRetry_t2l2	r2_maxRetry_t3l5	r2_maxRetry_t2l6	r2_maxRetry_t2l9b	r2_maxRetry_t2l9a

3 3 4 1 7 8 2 5 6 9 
3 4 2 5 8 1 4 9 4 7 
4 3 3 1 8 8 1 10 6 8 
2 5 1 5 3 1 7 2 9 8 
1 2 1 5 9 1 8 1 9 4 
5 3 4 2 4 10 2 9 4 7 
4 5 2 2 8 8 1 9 3 3 
4 3 3 1 5 3 1 7 1 9 
1 2 4 3 3 1 3 4 10 2 
4 4 1 3 7 5 1 1 2 9 
3 4 2 4 10 2 8 10 9 5 
1 1 5 4 7 1 9 3 6 9 
5 4 3 1 9 1 10 3 4 10 
5 1 2 4 10 8 1 5 8 8 
3 5 3 5 6 6 3 5 5 7 
5 2 2 1 6 9 1 6 6 10 
4 2 5 3 5 2 6 5 9 9 
3 4 5 1 3 1 5 4 3 5 
5 1 5 3 8 10 2 4 8 2 
3 3 4 5 3 9 1 5 7 8 
5 3 3 1 8 8 1 10 6 8 
3 3 4 1 7 8 2 8 5 3 
5 3 1 1 7 9 1 6 6 10 
5 1 5 3 7 5 1 1 2 9 
5 1 2 4 3 8 1 5 8 8 
5 2 2 1 6 9 1 6 6 10 
5 4 1 5 3 4 2 7 5 2 
4 1 5 3 8 1 5 4 3 5 
3 4 2 5 8 1 1 1 2 9 
4 3 3 1 5 3 1 7 2 4 
4 3 3 1 8 8 1 10 7 5 
4 3 1 3 3 1 7 2 9 8 
5 1 2 4 10 8 1 5 8 8 
5 3 4 2 4 10 2 9 4 7 
4 3 3 1 8 8 1 10 6 8 
3 3 3 1 5 6 3 4 10 6 
4 1 5 3 10 2 8 10 9 5 
