P=? [ F "success" ]	R=? [ F "done" ]
0.999	36.1141
0.97	35.8803
-0.0	0.0
-0.0	0.0
0.9691	35.8785
0.99	36.0116
-0.0	0.0
1.0	36.1224
0.9991	36.1152
-0.0	0.0
0.9792	35.9547
0.9991	36.1152
0.9891	36.0098
0.9982	36.1134
0.9603	35.7719
0.99	36.0116
0.9998	36.1213
1.0	36.1224
0.9699	35.8796
0.9703	35.9418
-0.0	0.0
-0.0	0.0
0.9997	36.1201
-0.0	0.0
1.0	36.1224
0.99	36.0116
0.988	36.0021
1.0	36.1224
-0.0	0.0
0.9783	35.9529
0.97	35.8803
0.9991	36.1152
0.9691	35.8785
0.9999	36.1214
0.9801	35.9616
0.9891	36.0098
0.989	36.004
-0.0	0.0
0.9991	36.1152
0.9899	36.0107
-0.0	0.0
0.9603	35.7719
0.969	35.878
0.9603	35.7719
-0.0	0.0
0.9998	36.1213
0.9991	36.1152
-0.0	0.0
0.9891	36.0098
0.9691	35.8785
0.9691	35.8785
0.97	35.8803
0.9691	35.8785
0.9698	35.8787
0.9991	36.1152
-0.0	0.0
0.9699	35.8796
