P=? [ F "success" ]	R=? [ F "done" ]
1.0	36.1824
1.0	36.1824
0.99	36.0919
0.9999	36.1815
0.999	36.1788
0.9703	36.0111
1.0	36.1824
0.9899	36.0911
0.9999	36.1815
1.0	36.1824
0.99	36.0919
1.0	36.1824
1.0	36.1824
1.0	36.1824
0.9999	36.1815
1.0	36.1824
0.98	36.0212
0.99	36.0919
0.9998	36.1808
0.99	36.0919
0.9801	36.0817
1.0	36.1824
0.9801	36.0817
1.0	36.1824
0.99	36.0919
0.99	36.0919
0.99	36.0919
0.9891	36.0892
0.99	36.0919
0.9999	36.1815
0.9991	36.1797
0.99	36.0919
1.0	36.1824
0.99	36.0919
1.0	36.1824
0.99	36.0919
1.0	36.1824
1.0	36.1824
0.9999	36.1815
1.0	36.1824
1.0	36.1824
0.99	36.0919
0.9891	36.0892
1.0	36.1824
0.9891	36.0892
0.9703	36.0111
0.9801	36.0817
1.0	36.1824
1.0	36.1824
0.9998	36.1808
0.99	36.0919
0.98	36.0212
0.9603	36.0004
0.9899	36.0911
0.99	36.0919
0.9999	36.1815
0.9801	36.0817
1.0	36.1824
0.9891	36.0892
0.99	36.0919
0.9999	36.1815
0.9988	36.1781
