P=? [ F "success" ]	R=? [ F "done" ]
0.9999	32.1417
1.0	32.1427
0.99	32.0422
1.0	32.1427
1.0	32.1427
0.99	32.0422
0.9898	32.0415
1.0	32.1427
0.9999	32.1417
0.9899	32.0419
1.0	32.1427
1.0	32.1427
1.0	32.1427
0.9507	31.9906
1.0	32.1427
1.0	32.1427
1.0	32.1427
1.0	32.1427
1.0	32.1427
0.9999	32.1417
0.9998	32.1411
1.0	32.1427
0.99	32.0422
0.9999	32.1417
1.0	32.1427
1.0	32.1427
0.9999	32.1417
1.0	32.1427
0.9999	32.1417
0.9999	32.1417
1.0	32.1427
0.9801	32.0317
1.0	32.1427
1.0	32.1427
1.0	32.1427
1.0	32.1427
1.0	32.1427
0.9999	32.1417
0.9999	32.1417
1.0	32.1427
1.0	32.1427
1.0	32.1427
0.9999	32.1417
0.9999	32.1417
0.9999	32.1417
0.9898	32.0415
1.0	32.1427
1.0	32.1427
0.9999	32.1417
1.0	32.1427
1.0	32.1427
1.0	32.1427
1.0	32.1427
0.9999	32.1417
0.9999	32.1417
1.0	32.1427
0.9998	32.1411
0.9999	32.1417
1.0	32.1427
0.9999	32.1417
0.9703	32.0013
