P=? [ F "success" ]	R=? [ F "done" ]
0.98	38.9801
1.0	39.2222
0.99	39.0307
1.0	39.2222
1.0	39.2222
0.99	39.0307
1.0	39.2222
0.9999	39.2203
1.0	39.2222
1.0	39.2222
0.9998	39.2198
1.0	39.2222
0.9999	39.2203
1.0	39.2222
0.9898	39.0301
1.0	39.2222
0.9999	39.2203
1.0	39.2222
1.0	39.2222
0.99	39.0307
1.0	39.2222
1.0	39.2222
1.0	39.2222
1.0	39.2222
0.9999	39.2203
1.0	39.2222
0.9999	39.2203
1.0	39.2222
1.0	39.2222
1.0	39.2222
0.98	38.9801
0.99	39.0307
1.0	39.2222
0.9998	39.2198
0.9702	38.9797
1.0	39.2222
1.0	39.2222
1.0	39.2222
0.99	39.0307
0.99	39.0307
0.9999	39.2203
0.99	39.0307
0.9999	39.2203
