worker2_maxRetry_t1l3	worker2_maxRetry_t1l6a	worker2_maxRetry_t1l6b	worker2_maxRetry_t3l9	r1_maxRetry_t3l7a	r1_maxRetry_t2l7b	r1_maxRetry_t3l7b	r1_maxRetry_t2l7a	r2_maxRetry_t2l1c	r2_maxRetry_t2l1b	r2_maxRetry_t2l1a	worker1_maxRetry_t1l4b	worker1_maxRetry_t1l4a

1 5 2 4 2 5 4 8 6 7 7 1 2 
3 4 4 5 2 7 2 2 5 8 9 2 1 
2 4 4 3 1 6 9 3 8 10 5 3 2 
3 2 5 5 6 7 7 7 10 9 5 3 3 
5 1 1 4 9 1 8 4 7 3 10 3 5 
1 1 4 3 2 5 7 3 6 8 3 5 1 
2 3 4 5 1 9 2 8 8 2 5 1 5 
3 5 5 3 7 2 3 9 3 10 10 4 2 
4 5 1 4 5 1 3 2 2 6 10 2 1 
4 2 5 3 1 5 3 7 9 2 8 1 2 
2 5 3 1 1 1 6 4 5 1 8 2 2 
2 1 4 1 1 10 5 6 5 1 2 4 1 
4 3 2 4 3 10 5 9 5 3 6 1 5 
1 5 2 3 3 9 7 10 6 5 9 4 4 
5 1 3 5 6 1 6 3 10 7 6 4 4 
5 1 4 4 2 4 6 2 1 5 6 3 2 
4 2 1 2 2 5 7 9 2 8 6 5 5 
3 3 2 3 1 3 5 10 7 4 4 1 2 
4 2 5 3 1 5 3 7 9 2 8 4 4 
1 4 4 4 2 4 6 2 1 5 6 3 2 
3 2 4 2 2 2 6 2 2 8 6 5 5 
3 3 4 3 2 5 7 3 6 8 3 5 1 
3 2 5 5 6 7 7 7 10 9 5 3 1 
4 5 5 5 2 3 10 8 5 3 4 5 1 
4 5 2 4 2 5 4 8 6 7 7 1 2 
2 3 4 5 1 9 2 8 8 2 5 1 4 
2 5 3 4 3 1 6 2 9 4 7 2 1 
3 4 2 3 2 5 7 3 10 7 8 3 4 
5 1 3 5 6 1 6 2 1 3 5 5 2 
5 4 3 2 2 9 8 9 1 7 9 2 5 
1 1 4 5 2 7 2 2 5 8 9 2 1 
3 4 4 5 2 7 2 2 5 8 9 2 1 
4 2 5 3 1 5 3 7 9 2 8 1 2 
2 4 2 5 8 6 3 10 2 9 7 2 2 
