r1_maxRetry_t2l1	r1_maxRetry_t3l4	r1_maxRetry_t2l4	r2_maxRetry_t2l3	r2_maxRetry_t2l6	r2_maxRetry_t3l9	r2_maxRetry_t2l9	r2_maxRetry_t2l8	worker1_maxRetry_t1l3	worker2_maxRetry_t1l4	worker2_maxRetry_t3l5	worker2_maxRetry_t1l9

9 4 4 2 5 4 4 6 2 5 2 2 
4 6 8 5 5 8 5 4 3 4 3 3 
6 7 1 9 4 8 4 10 5 1 3 4 
5 3 2 1 2 10 5 10 1 5 4 1 
10 7 5 8 3 8 8 9 3 2 3 4 
8 3 3 2 10 3 4 6 3 5 2 1 
4 8 6 9 9 4 4 5 1 2 5 4 
10 7 1 10 6 9 6 10 5 4 1 1 
10 10 3 7 3 9 5 10 4 1 5 2 
9 8 4 10 9 10 5 6 1 1 5 1 
3 5 7 10 8 8 10 6 5 1 5 1 
9 6 4 10 3 10 9 10 1 1 1 2 
10 9 1 10 4 7 8 2 3 5 4 5 
3 8 7 2 10 10 5 3 1 1 1 4 
1 8 5 1 1 4 6 1 4 2 2 4 
2 7 2 9 8 9 7 6 2 5 4 5 
9 5 3 2 10 9 9 10 5 1 1 3 
8 9 10 8 4 8 7 2 3 3 5 5 
3 8 9 8 7 7 4 3 4 3 5 1 
6 4 10 4 10 8 4 5 1 4 5 2 
4 2 3 1 5 9 7 4 4 1 3 5 
9 2 6 2 9 2 7 8 5 1 4 3 
7 7 6 10 9 2 10 10 1 3 2 3 
3 5 7 3 4 9 3 9 2 3 3 1 
1 2 4 1 10 5 1 4 4 5 1 5 
9 10 5 10 2 4 3 7 3 3 5 1 
9 8 8 9 9 5 3 8 4 2 3 3 
4 3 5 3 9 10 4 10 3 2 1 2 
8 8 8 9 5 3 10 3 3 3 4 2 
10 4 6 5 10 9 2 7 3 5 4 4 
3 3 8 2 6 2 3 6 3 2 5 3 
10 3 4 3 5 6 7 10 1 1 3 5 
5 5 10 7 5 8 3 4 1 1 3 5 
7 4 7 10 3 10 10 1 1 5 5 4 
3 8 5 8 7 5 3 8 4 1 4 4 
8 4 6 2 3 3 10 3 2 3 3 5 
7 7 6 10 9 3 6 10 2 5 3 5 
1 8 5 1 1 7 9 9 5 1 4 2 
7 4 7 10 3 10 10 1 1 4 3 4 
3 8 7 2 10 10 5 3 4 4 5 4 
6 3 2 1 2 10 5 10 1 5 4 1 
4 2 3 1 5 9 7 4 4 1 3 5 
4 3 5 3 9 10 4 10 3 2 1 2 
9 2 6 2 9 2 7 8 5 1 4 3 
5 5 10 7 5 8 3 4 1 1 3 5 
6 10 10 1 1 8 3 4 1 1 3 5 
6 10 6 1 1 10 8 3 3 1 3 2 
4 8 6 9 9 4 4 5 1 2 2 4 
3 8 7 2 10 10 5 3 1 1 1 4 
3 8 8 9 9 5 3 8 4 2 3 3 
9 3 8 2 6 2 3 6 3 2 5 3 
3 8 7 2 10 10 5 3 1 1 1 5 
10 3 4 3 5 6 7 10 4 5 3 4 
8 3 3 2 10 3 4 6 3 5 2 1 
10 4 6 5 10 9 7 8 2 4 4 2 
4 3 5 9 9 4 4 5 1 2 5 4 
4 3 5 3 7 8 6 8 2 4 4 2 
5 3 2 1 2 10 5 10 1 5 4 1 
10 4 6 5 10 9 2 7 3 3 3 1 
9 8 4 10 9 10 5 6 1 1 2 3 
7 2 6 1 2 10 5 10 1 5 4 1 
3 5 7 3 4 9 3 9 2 3 3 5 
