P=? [ F "success" ]	R=? [ F "done" ]
0.9998	34.1718
-0.0	0.0
-0.0	0.0
0.9898	34.1017
-0.0	0.0
0.9997	34.1716
-0.0	0.0
-0.0	0.0
-0.0	0.0
-0.0	0.0
-0.0	0.0
-0.0	0.0
-0.0	0.0
0.9899	34.1218
0.9605	34.021
-0.0	0.0
-0.0	0.0
-0.0	0.0
-0.0	0.0
-0.0	0.0
0.9891	34.1013
0.9981	34.1686
-0.0	0.0
1.0	34.1729
0.9597	34.0003
-0.0	0.0
-0.0	0.0
0.99	34.1224
-0.0	0.0
-0.0	0.0
0.999	34.1695
-0.0	0.0
-0.0	0.0
-0.0	0.0
-0.0	0.0
0.9999	34.1722
-0.0	0.0
0.9703	34.0216
-0.0	0.0
0.9899	34.1218
0.9898	34.1017
0.9891	34.1013
0.99	34.1224
0.9981	34.1686
-0.0	0.0
0.9801	34.0521
0.9801	34.0521
-0.0	0.0
0.9899	34.1218
0.999	34.1695
0.999	34.1695
0.9899	34.1218
-0.0	0.0
0.9997	34.1716
-0.0	0.0
1.0	34.1729
1.0	34.1729
0.9898	34.1017
-0.0	0.0
-0.0	0.0
0.989	34.1008
1.0	34.1729
