P=? [ F "success" ]	R=? [ F "done" ]
-0.0	0.0
0.9801	32.0325
-0.0	0.0
0.9691	31.9094
0.97	31.9103
-0.0	0.0
-0.0	0.0
-0.0	0.0
0.9703	32.0121
0.9991	32.1461
-0.0	0.0
-0.0	0.0
0.9998	32.1521
-0.0	0.0
0.9688	31.9085
-0.0	0.0
-0.0	0.0
-0.0	0.0
-0.0	0.0
0.999	32.1459
-0.0	0.0
-0.0	0.0
-0.0	0.0
-0.0	0.0
0.9999	32.153
-0.0	0.0
-0.0	0.0
-0.0	0.0
-0.0	0.0
0.999	32.1459
-0.0	0.0
-0.0	0.0
-0.0	0.0
-0.0	0.0
-0.0	0.0
0.9991	32.1461
-0.0	0.0
-0.0	0.0
-0.0	0.0
-0.0	0.0
0.9602	31.8417
0.99	32.0825
-0.0	0.0
-0.0	0.0
-0.0	0.0
-0.0	0.0
-0.0	0.0
-0.0	0.0
-0.0	0.0
0.9691	31.9094
-0.0	0.0
-0.0	0.0
-0.0	0.0
-0.0	0.0
-0.0	0.0
0.9699	31.9098
0.9999	32.153
-0.0	0.0
0.999	32.1459
-0.0	0.0
-0.0	0.0
-0.0	0.0
0.9997	32.152
-0.0	0.0
-0.0	0.0
-0.0	0.0
-0.0	0.0
-0.0	0.0
-0.0	0.0
0.9691	31.9094
-0.0	0.0
0.9801	32.0325
-0.0	0.0
-0.0	0.0
0.9688	31.9085
0.9688	31.9085
0.9792	32.0316
0.97	31.9103
-0.0	0.0
0.9991	32.1461
-0.0	0.0
-0.0	0.0
0.969	31.9092
-0.0	0.0
-0.0	0.0
-0.0	0.0
-0.0	0.0
-0.0	0.0
-0.0	0.0
-0.0	0.0
0.9688	31.9085
0.9688	31.9085
-0.0	0.0
-0.0	0.0
-0.0	0.0
0.999	32.1459
-0.0	0.0
