r1_maxRetry_t3l7b	r1_maxRetry_t2l7	r1_maxRetry_t3l7a	r1_maxRetry_t2l8	r2_maxRetry_t2l3	worker1_maxRetry_t3l4	worker1_maxRetry_t1l7	worker2_maxRetry_t1l3	worker2_maxRetry_t3l3	worker2_maxRetry_t1l5	worker2_maxRetry_t1l9a	worker2_maxRetry_t1l9b

1 4 2 2 1 5 2 1 1 2 3 1 
8 7 10 6 7 2 4 4 2 1 2 1 
3 5 5 4 10 5 4 1 3 5 5 5 
10 4 5 9 4 3 2 5 1 3 2 3 
6 5 10 3 10 2 1 3 2 3 2 3 
3 10 7 5 3 5 5 1 2 1 1 4 
3 4 9 10 2 2 5 3 2 3 4 1 
2 7 2 3 9 2 2 4 3 1 2 2 
3 5 1 1 8 5 1 2 1 2 2 3 
1 8 3 2 1 5 5 3 1 2 5 4 
2 4 3 4 6 3 2 4 3 5 3 3 
2 7 3 2 6 4 1 1 1 5 1 1 
6 4 5 6 4 3 4 1 1 4 3 2 
5 8 9 5 5 4 4 4 1 5 2 5 
5 2 7 6 5 1 3 2 1 3 1 2 
8 4 5 9 8 2 4 5 2 2 2 3 
3 5 5 7 5 2 4 4 1 1 2 4 
8 7 10 6 7 2 4 4 2 1 2 1 
5 4 3 6 5 1 3 2 1 3 1 2 
3 5 5 4 10 5 4 1 3 5 5 2 
8 4 5 9 8 2 4 5 2 2 2 2 
10 4 5 9 4 3 2 5 1 3 2 5 
6 5 10 3 10 2 1 3 2 1 2 4 
4 10 9 4 8 4 1 1 1 5 1 1 
10 4 5 9 4 3 2 5 1 3 3 2 
2 7 2 3 9 2 2 4 3 1 5 2 
2 3 5 9 4 3 2 5 1 3 2 3 
3 10 7 5 3 5 4 3 2 3 2 5 
5 8 9 5 5 4 4 4 1 5 2 5 
5 10 6 5 3 2 2 2 2 2 5 2 
2 4 3 4 6 3 4 1 2 4 3 5 
8 4 5 9 8 2 4 5 2 2 1 5 
8 4 5 9 8 2 4 5 2 2 2 3 
