P=? [ F "success" ]	R=? [ F "done" ]
0.99	39.0413
0.9702	38.9102
1.0	39.2228
1.0	39.2228
1.0	39.2228
1.0	39.2228
0.9998	39.2201
0.9801	38.9512
0.98	38.9508
0.9899	39.0404
0.9988	39.2179
0.99	39.0413
0.9899	39.0404
0.9999	39.221
1.0	39.2228
0.9996	39.2191
0.9999	39.221
1.0	39.2228
0.9999	39.221
0.9506	38.9091
0.989	39.0386
1.0	39.2228
1.0	39.2228
1.0	39.2228
0.9999	39.221
1.0	39.2228
0.9898	39.04
1.0	39.2228
0.9997	39.2198
0.9801	38.9512
0.9989	39.2188
1.0	39.2228
1.0	39.2228
0.9801	38.9512
0.9899	39.0404
0.9898	39.04
0.9898	39.04
0.9999	39.221
0.9899	39.0404
0.99	39.0413
0.98	38.9508
1.0	39.2228
0.98	38.9508
1.0	39.2228
0.99	39.0413
0.9996	39.2191
0.9999	39.221
1.0	39.2228
1.0	39.2228
1.0	39.2228
1.0	39.2228
0.9999	39.221
0.9891	39.0395
0.9506	38.9091
0.99	39.0413
1.0	39.2228
0.9999	39.221
