P=? [ F "success" ]	R=? [ F "done" ]
1.0	36.1919
0.9998	36.1895
0.9999	36.1904
1.0	36.1919
0.9703	35.8999
1.0	36.1919
0.9999	36.1904
1.0	36.1919
1.0	36.1919
0.9999	36.1904
0.9999	36.1904
0.9999	36.1904
0.99	36.0404
0.9801	35.9503
1.0	36.1919
0.9999	36.1904
0.9999	36.1904
0.9801	35.9503
1.0	36.1919
0.99	36.0404
0.99	36.0404
1.0	36.1919
1.0	36.1919
1.0	36.1919
1.0	36.1919
0.98	35.9498
0.9999	36.1904
1.0	36.1919
1.0	36.1919
0.9998	36.1895
1.0	36.1919
0.9801	35.9503
0.9999	36.1904
1.0	36.1919
1.0	36.1919
0.9999	36.1904
0.9999	36.1904
1.0	36.1919
0.9999	36.1904
0.9999	36.1904
1.0	36.1919
1.0	36.1919
0.98	35.9498
0.9999	36.1904
1.0	36.1919
1.0	36.1919
0.9999	36.1904
1.0	36.1919
0.9998	36.1895
1.0	36.1919
1.0	36.1919
0.9999	36.1904
0.9999	36.1904
0.99	36.0404
0.99	36.0404
0.9999	36.1904
0.9999	36.1904
