P=? [ F "success" ]	R=? [ F "done" ]
0.97	26.8898
-0.0	0.0
-0.0	0.0
0.9699	26.8892
-0.0	0.0
0.9498	26.7343
-0.0	0.0
-0.0	0.0
-0.0	0.0
-0.0	0.0
-0.0	0.0
0.969	26.8814
0.9315	26.6272
-0.0	0.0
-0.0	0.0
0.9972	27.1775
-0.0	0.0
0.9691	26.8817
-0.0	0.0
-0.0	0.0
0.9401	26.6812
0.99	27.0729
-0.0	0.0
-0.0	0.0
-0.0	0.0
0.9899	27.0726
-0.0	0.0
0.9891	27.0658
0.9603	26.7708
1.0	27.1948
0.9691	26.8817
0.9999	27.1936
-0.0	0.0
-0.0	0.0
-0.0	0.0
0.9981	27.1818
1.0	27.1948
-0.0	0.0
0.97	26.8898
0.999	27.1844
0.9603	26.7708
0.9498	26.7343
0.9991	27.1859
-0.0	0.0
0.9691	26.8817
0.9699	26.8892
-0.0	0.0
-0.0	0.0
-0.0	0.0
-0.0	0.0
-0.0	0.0
