P=? [ F "success" ]	R=? [ F "done" ]
0.9999	34.1321
0.99	34.0817
0.99	34.0817
0.99	34.0817
0.99	34.0817
0.9991	34.1307
0.9603	34.0406
1.0	34.1325
0.9603	34.0406
1.0	34.1325
0.9999	34.1321
0.9998	34.1317
0.97	34.0707
0.99	34.0817
1.0	34.1325
0.99	34.0817
0.9991	34.1307
0.9999	34.1321
0.9999	34.1321
0.9999	34.1321
0.99	34.0817
0.99	34.0817
0.9998	34.1317
0.9991	34.1307
0.9507	34.0401
0.9801	34.0812
0.9998	34.1317
0.9991	34.1307
0.9603	34.0406
0.97	34.0707
0.97	34.0707
0.9999	34.1321
0.9991	34.1307
1.0	34.1325
0.99	34.0817
