worker1_maxRetry_t1l2	worker1_maxRetry_t1l3	worker1_maxRetry_t1l6	worker1_maxRetry_t3l6	worker2_maxRetry_t1l1b	worker2_maxRetry_t1l1a	worker2_maxRetry_t1l1c	r1_maxRetry_t2l5	r1_maxRetry_t2l8	r1_maxRetry_t3l8	r1_maxRetry_t3l9

5 2 3 5 2 5 1 2 3 5 10 
4 3 5 5 3 4 3 1 8 7 3 
3 1 5 5 1 1 1 1 6 9 5 
1 1 3 4 4 2 4 1 3 5 7 
1 5 5 4 1 1 3 1 8 5 4 
5 4 5 4 2 3 2 8 8 2 3 
3 4 5 4 3 4 4 4 1 1 9 
4 2 2 3 5 5 1 8 3 3 10 
2 5 1 3 1 3 2 5 1 1 5 
1 3 1 5 5 1 3 3 9 3 10 
3 4 4 4 2 5 3 2 8 6 10 
3 2 2 3 3 1 2 2 2 5 3 
1 4 5 5 5 1 4 9 6 1 3 
1 3 1 3 1 5 3 1 10 9 5 
5 3 1 3 5 5 1 8 3 3 10 
3 5 2 5 5 5 4 1 3 5 7 
2 3 2 5 4 3 4 10 5 2 3 
5 2 3 5 2 5 1 2 3 5 10 
5 2 3 5 2 5 1 2 3 5 10 
4 5 1 4 2 5 3 2 7 6 10 
1 5 5 4 1 1 3 1 8 5 4 
4 4 5 4 1 1 3 1 8 5 4 
3 5 2 5 5 5 2 2 2 5 3 
2 5 1 3 4 4 4 9 4 2 8 
1 4 5 1 1 3 2 5 1 1 5 
4 4 5 1 3 2 3 1 10 8 3 
3 4 2 3 3 1 2 2 2 5 3 
3 5 2 4 5 3 4 8 8 2 3 
1 4 1 3 1 3 2 5 1 1 5 
2 5 5 5 5 1 4 9 6 1 3 
5 1 4 5 2 2 2 5 10 1 9 
5 4 4 4 2 5 3 2 8 6 10 
3 4 5 4 2 3 2 8 8 2 3 
5 2 3 5 4 2 1 4 9 3 5 
3 1 5 5 1 1 1 1 6 9 5 
