worker2_maxRetry_t1l4	worker2_maxRetry_t3l7	worker2_maxRetry_t1l7	r1_maxRetry_t3l3	r1_maxRetry_t2l3	r1_maxRetry_t2l5	r1_maxRetry_t3l5	r1_maxRetry_t2l8	r1_maxRetry_t2l9	r2_maxRetry_t2l1	worker1_maxRetry_t1l3	worker1_maxRetry_t3l2	worker1_maxRetry_t1l5

2 4 3 3 9 5 7 5 9 3 2 5 3 
4 4 3 8 10 8 7 9 2 5 3 5 1 
2 4 2 1 5 5 4 9 9 3 1 2 1 
3 2 3 3 4 7 10 3 5 6 3 4 1 
2 5 4 2 1 3 2 10 4 4 5 3 5 
3 4 1 6 1 1 4 5 4 10 1 5 1 
2 2 1 5 3 7 5 8 9 10 5 4 5 
5 3 1 8 2 9 10 10 9 5 3 1 4 
1 3 5 2 2 9 6 9 7 3 3 5 1 
1 4 1 6 3 10 8 9 5 8 5 2 3 
1 5 2 1 10 10 3 7 7 8 1 3 4 
3 2 3 4 4 1 8 2 9 8 4 4 5 
3 5 4 9 5 9 7 4 7 6 4 4 5 
4 2 5 4 1 6 8 5 2 2 3 3 4 
5 4 1 2 3 6 7 10 8 10 5 5 1 
5 5 1 8 5 1 3 3 4 5 3 5 3 
5 4 5 1 1 6 5 3 4 7 2 1 1 
1 2 5 8 9 9 6 7 4 8 2 1 1 
2 3 4 6 9 7 7 7 3 8 2 2 4 
1 5 3 2 9 6 6 10 8 10 5 4 4 
3 4 5 8 10 2 9 3 10 9 1 2 4 
3 4 2 7 6 2 10 10 10 8 5 4 3 
1 4 2 1 8 1 4 2 3 5 2 2 2 
2 2 1 5 3 7 5 8 9 10 4 4 1 
3 5 4 9 5 9 7 4 7 6 4 4 5 
1 4 2 1 8 1 4 4 9 7 3 5 3 
1 5 2 9 1 3 2 10 4 4 5 3 5 
4 2 3 4 4 1 8 2 9 8 4 4 5 
1 2 5 8 9 9 6 7 4 10 3 1 1 
2 5 4 2 1 3 2 10 4 4 5 3 4 
3 2 3 4 4 1 8 2 9 8 4 4 5 
1 2 5 8 9 9 6 7 4 9 4 4 1 
1 5 3 2 9 6 6 10 8 10 5 4 4 
2 3 4 6 9 7 7 7 3 8 2 5 3 
1 5 2 1 10 10 3 7 7 8 1 3 4 
2 2 1 5 3 2 5 8 9 10 5 5 2 
1 2 5 8 9 9 6 7 4 8 2 1 1 
1 2 5 8 9 9 6 7 4 8 2 1 1 
1 4 2 1 8 1 4 2 3 5 2 5 5 
2 4 1 2 3 6 7 10 8 5 5 5 1 
5 4 3 3 9 5 7 5 9 3 2 5 3 
