P=? [ F "success" ]	R=? [ F "done" ]
-0.0	0.0
-0.0	0.0
-0.0	0.0
-0.0	0.0
-0.0	0.0
-0.0	0.0
0.97	31.9605
-0.0	0.0
-0.0	0.0
-0.0	0.0
-0.0	0.0
-0.0	0.0
-0.0	0.0
-0.0	0.0
-0.0	0.0
-0.0	0.0
-0.0	0.0
-0.0	0.0
-0.0	0.0
-0.0	0.0
-0.0	0.0
-0.0	0.0
0.9703	32.1034
0.989	32.1513
0.9989	32.1964
-0.0	0.0
0.9999	32.2037
-0.0	0.0
-0.0	0.0
0.9783	32.1197
-0.0	0.0
0.9899	32.1534
-0.0	0.0
0.9507	31.921
-0.0	0.0
-0.0	0.0
-0.0	0.0
-0.0	0.0
-0.0	0.0
-0.0	0.0
-0.0	0.0
-0.0	0.0
-0.0	0.0
0.99	32.1635
-0.0	0.0
0.9699	31.96
-0.0	0.0
-0.0	0.0
-0.0	0.0
-0.0	0.0
-0.0	0.0
-0.0	0.0
0.9801	32.1333
-0.0	0.0
-0.0	0.0
-0.0	0.0
0.9703	32.1034
0.9412	31.863
-0.0	0.0
-0.0	0.0
-0.0	0.0
-0.0	0.0
0.9699	31.96
-0.0	0.0
-0.0	0.0
0.9899	32.1534
-0.0	0.0
-0.0	0.0
-0.0	0.0
-0.0	0.0
-0.0	0.0
-0.0	0.0
-0.0	0.0
-0.0	0.0
-0.0	0.0
0.9603	31.9211
-0.0	0.0
-0.0	0.0
-0.0	0.0
0.9997	32.2033
-0.0	0.0
-0.0	0.0
-0.0	0.0
0.9989	32.1964
-0.0	0.0
-0.0	0.0
-0.0	0.0
0.9699	31.96
0.9699	31.96
0.9699	31.96
0.9703	32.1034
-0.0	0.0
-0.0	0.0
-0.0	0.0
-0.0	0.0
-0.0	0.0
-0.0	0.0
0.9792	32.126
