P=? [ F "success" ]	R=? [ F "done" ]
0.99	37.0412
1.0	37.1117
1.0	37.1117
0.9999	37.111
0.9999	37.111
0.99	37.0412
0.9998	37.1105
0.9999	37.111
0.99	37.0412
0.99	37.0412
1.0	37.1117
0.9702	36.9603
0.99	37.0412
1.0	37.1117
1.0	37.1117
1.0	37.1117
1.0	37.1117
0.9801	37.0107
1.0	37.1117
0.9998	37.1105
0.9899	37.0407
1.0	37.1117
0.99	37.0412
1.0	37.1117
0.99	37.0412
1.0	37.1117
0.9999	37.111
0.99	37.0412
1.0	37.1117
0.9898	37.0404
1.0	37.1117
1.0	37.1117
0.9899	37.0407
1.0	37.1117
1.0	37.1117
0.9897	37.0403
0.9999	37.111
1.0	37.1117
1.0	37.1117
1.0	37.1117
0.99	37.0412
1.0	37.1117
1.0	37.1117
1.0	37.1117
1.0	37.1117
0.99	37.0412
1.0	37.1117
1.0	37.1117
0.99	37.0412
0.9801	37.0107
0.9996	37.1101
1.0	37.1117
0.9899	37.0407
0.9998	37.1105
1.0	37.1117
0.99	37.0412
0.9899	37.0407
0.9899	37.0407
0.99	37.0412
0.99	37.0412
0.9999	37.111
1.0	37.1117
1.0	37.1117
0.99	37.0412
1.0	37.1117
0.9899	37.0407
0.9898	37.0404
0.9999	37.111
1.0	37.1117
1.0	37.1117
0.99	37.0412
0.9899	37.0407
0.99	37.0412
1.0	37.1117
0.99	37.0412
0.9897	37.0403
0.99	37.0412
0.9999	37.111
1.0	37.1117
1.0	37.1117
0.99	37.0412
1.0	37.1117
0.99	37.0412
1.0	37.1117
0.99	37.0412
0.99	37.0412
1.0	37.1117
0.99	37.0412
0.99	37.0412
0.99	37.0412
0.99	37.0412
1.0	37.1117
1.0	37.1117
1.0	37.1117
0.9899	37.0407
1.0	37.1117
1.0	37.1117
