P=? [ F "success" ]	R=? [ F "done" ]
0.9991	38.1708
0.9991	38.1708
0.9999	38.1728
0.9999	38.1728
0.9999	38.1728
0.9999	38.1728
0.9999	38.1728
0.9999	38.1728
0.9603	38.0214
0.9999	38.1728
0.9991	38.1708
0.9991	38.1708
0.99	38.093
0.98	38.0321
0.999	38.1703
0.9999	38.1728
0.9999	38.1728
0.9999	38.1728
0.9991	38.1708
0.9991	38.1708
0.9999	38.1728
0.9998	38.1721
0.9891	38.0903
0.9989	38.17
0.98	38.0321
0.9999	38.1728
0.9999	38.1728
0.9999	38.1728
0.9999	38.1728
0.9991	38.1708
0.9999	38.1728
0.9801	38.0422
1.0	38.1735
0.9999	38.1728
0.9999	38.1728
0.9507	37.951
