P=? [ F "success" ]	R=? [ F "done" ]
1.0	36.1622
0.9999	36.1617
0.99	36.1112
1.0	36.1622
0.9602	36.0195
0.98	36.091
0.9891	36.1085
1.0	36.1622
0.9699	36.0702
0.9991	36.1595
1.0	36.1622
0.9999	36.1617
1.0	36.1622
0.9999	36.1617
0.9999	36.1617
0.9999	36.1617
1.0	36.1622
1.0	36.1622
0.9999	36.1617
1.0	36.1622
0.97	36.0707
0.9998	36.1615
1.0	36.1622
1.0	36.1622
0.98	36.091
0.9991	36.1595
0.99	36.1112
0.9989	36.159
0.9999	36.1617
0.9898	36.1111
0.99	36.1112
1.0	36.1622
1.0	36.1622
0.9507	36.0192
0.9699	36.0702
1.0	36.1622
1.0	36.1622
1.0	36.1622
0.9999	36.1617
1.0	36.1622
0.9998	36.1615
1.0	36.1622
1.0	36.1622
0.9999	36.1617
1.0	36.1622
0.99	36.1112
0.99	36.1112
1.0	36.1622
1.0	36.1622
1.0	36.1622
0.9999	36.1617
0.9699	36.0702
1.0	36.1622
1.0	36.1622
0.9699	36.0702
1.0	36.1622
0.97	36.0707
1.0	36.1622
0.9998	36.1615
0.9891	36.1085
1.0	36.1622
1.0	36.1622
0.9602	36.0195
0.97	36.0707
0.99	36.1112
0.97	36.0707
0.9999	36.1617
0.9891	36.1085
0.9891	36.1085
0.9891	36.1085
1.0	36.1622
1.0	36.1622
0.97	36.0707
0.9991	36.1595
1.0	36.1622
0.9602	36.0195
1.0	36.1622
0.9999	36.1617
1.0	36.1622
