worker2_maxRetry_t1l7	worker2_maxRetry_t1l8	worker2_maxRetry_t3l8	worker2_maxRetry_t1l5	r1_maxRetry_t2l4b	r1_maxRetry_t2l4a	r1_maxRetry_t2l6	r1_maxRetry_t3l6	r1_maxRetry_t3l9	r2_maxRetry_t2l1

2 2 5 1 1 5 8 3 5 3 
5 1 3 4 1 4 3 5 3 4 
5 5 4 2 1 7 3 2 5 3 
5 1 3 1 3 9 6 3 7 6 
2 1 5 5 1 8 7 6 4 10 
2 3 3 3 6 4 4 2 5 3 
5 5 3 2 2 2 9 6 8 4 
5 1 5 2 3 7 8 2 3 4 
4 2 3 3 2 5 10 2 9 3 
2 2 4 4 1 9 7 8 3 4 
4 2 5 1 7 10 3 3 9 10 
3 5 4 3 2 4 8 5 4 6 
4 2 2 1 1 7 3 6 8 3 
1 5 4 1 7 3 7 2 7 7 
1 1 1 1 1 1 5 9 9 7 
4 5 5 5 8 9 4 2 6 3 
2 2 5 1 1 1 5 9 9 7 
4 2 2 1 1 7 3 6 8 3 
2 1 5 5 8 9 4 2 6 3 
4 5 5 5 1 8 7 6 4 10 
3 2 5 1 1 7 3 6 8 3 
2 2 4 4 1 9 7 2 10 7 
2 2 5 5 3 7 8 2 3 4 
3 5 2 3 8 2 5 2 2 2 
2 2 5 1 5 7 8 2 3 4 
2 2 5 1 1 5 8 2 5 3 
2 2 2 1 1 7 3 6 8 3 
4 5 5 5 8 9 4 2 6 3 
2 2 4 3 2 4 8 5 4 6 
4 2 3 3 2 5 10 2 9 8 
2 1 5 5 1 8 7 8 4 6 
4 5 4 2 1 7 3 2 5 3 
4 2 2 1 1 7 3 6 8 3 
2 1 5 1 1 7 3 2 5 3 
5 5 4 2 1 5 8 3 5 3 
5 5 4 2 1 7 3 2 7 6 
