worker2_maxRetry_t3l1a	worker2_maxRetry_t3l1b	worker2_maxRetry_t3l1c	r1_maxRetry_t3l1d	r1_maxRetry_t2l2	r2_maxRetry_t2l4	r2_maxRetry_t2l7	worker1_maxRetry_t1l7	worker1_maxRetry_t1l5b	worker1_maxRetry_t1l5a	worker1_maxRetry_t1l8	worker1_maxRetry_t3l8	worker1_maxRetry_t1l9

3 4 5 6 7 5 9 2 5 3 2 5 5 
1 1 4 6 5 7 9 5 2 4 5 4 4 
1 3 3 1 10 9 3 4 5 4 5 1 2 
3 1 3 9 10 6 10 3 3 1 5 5 4 
4 3 4 4 6 4 3 1 1 4 5 4 5 
1 1 4 10 3 4 5 2 3 2 2 1 4 
2 3 5 6 10 8 10 2 5 2 5 4 2 
1 1 3 8 3 7 7 3 4 2 2 2 2 
1 2 2 9 9 8 6 1 2 2 1 5 3 
1 2 2 5 4 7 10 1 5 1 5 3 3 
2 5 4 8 5 5 8 3 3 4 2 5 5 
5 4 4 3 8 10 5 2 4 1 1 5 2 
2 4 4 6 4 4 8 4 3 4 5 3 2 
1 3 5 10 9 6 3 2 4 4 5 2 5 
5 5 4 5 10 4 5 2 4 1 4 3 3 
2 2 3 10 10 6 5 4 3 1 4 4 5 
1 1 3 4 4 8 7 5 1 3 3 5 2 
1 1 5 10 1 10 6 1 2 4 2 1 1 
2 2 5 9 8 8 9 2 1 3 5 4 5 
1 1 4 6 5 7 9 5 2 3 2 5 3 
5 4 4 3 8 10 5 2 2 2 1 5 3 
1 2 2 9 9 8 6 1 4 1 1 5 2 
4 4 5 5 10 4 5 2 4 1 4 3 3 
1 2 2 5 4 9 5 2 5 5 2 4 4 
5 5 4 5 10 4 5 2 4 1 4 3 3 
2 2 3 5 6 5 9 3 2 1 5 5 5 
1 1 4 10 3 4 5 2 3 2 4 2 2 
2 2 3 8 7 4 2 2 1 1 3 2 1 
4 4 3 10 8 4 6 3 3 1 2 3 1 
5 3 5 4 5 10 7 3 1 5 4 4 1 
1 2 2 9 5 2 6 5 5 4 1 3 5 
3 5 4 5 9 8 6 1 2 2 1 5 3 
