P=? [ F "success" ]	R=? [ F "done" ]
0.9606	46.7307
0.9997	47.2561
0.9998	47.2573
0.99	46.9506
1.0	47.2626
1.0	47.2626
1.0	47.2626
1.0	47.2626
0.9999	47.2595
0.9999	47.2595
0.9899	46.9494
1.0	47.2626
1.0	47.2626
1.0	47.2626
0.99	46.9506
1.0	47.2626
1.0	47.2626
0.9801	46.7313
1.0	47.2626
0.99	46.9506
1.0	47.2626
1.0	47.2626
0.9801	46.7313
0.9999	47.2595
0.9997	47.2561
1.0	47.2626
0.9606	46.7307
0.9899	46.9494
1.0	47.2626
1.0	47.2626
0.9801	46.7313
1.0	47.2626
0.9801	46.7313
0.9998	47.2573
1.0	47.2626
1.0	47.2626
0.9999	47.2595
0.99	46.9506
0.99	46.9506
0.9801	46.7313
0.9997	47.2561
1.0	47.2626
0.9801	46.7313
1.0	47.2626
0.9899	46.9494
1.0	47.2626
1.0	47.2626
