P=? [ F "success" ]	R=? [ F "done" ]
-0.0	0.0
-0.0	0.0
0.9691	32.7965
0.9783	32.9815
0.9792	32.9816
0.9699	32.7982
-0.0	0.0
0.97	32.7992
0.9126	32.651
0.9307	32.6682
0.9409	32.7092
0.9891	33.0519
0.97	32.7992
0.969	32.7955
0.99	33.0627
0.9899	33.062
0.9991	33.1531
0.9999	33.163
0.9603	32.7497
0.999	33.1521
0.97	32.7992
0.9603	32.7497
1.0	33.164
0.9899	33.062
0.9792	32.9816
0.97	32.7992
0.969	32.7955
0.97	32.7992
0.9307	32.6682
0.969	32.7955
0.9691	32.7965
0.9991	33.1531
0.9801	32.9824
0.99	33.0627
0.9603	32.7497
0.99	33.0627
0.999	33.1521
0.97	32.7992
0.999	33.1521
0.9982	33.1504
0.99	33.0627
0.9891	33.0519
0.97	32.7992
0.9699	32.7982
