r1_maxRetry_t2l1	r1_maxRetry_t3l1	r1_maxRetry_t2l2	r1_maxRetry_t2l5	r1_maxRetry_t3l8	r1_maxRetry_t2l8	worker2_maxRetry_t1l7b	worker2_maxRetry_t1l7a	worker2_maxRetry_t1l8b	worker2_maxRetry_t1l8a	worker2_maxRetry_t1l9	worker2_maxRetry_t3l6

1 5 6 8 9 3 5 5 4 5 4 3 
1 3 1 10 6 3 2 4 5 5 2 5 
2 2 5 5 2 3 3 2 1 3 2 3 
1 1 5 7 5 5 3 2 2 5 5 4 
1 8 4 8 4 5 1 1 5 1 1 3 
1 7 4 4 7 4 2 1 5 2 3 4 
6 3 10 4 4 6 1 3 2 1 3 4 
2 4 2 4 9 7 4 2 5 4 2 4 
1 6 1 2 7 9 5 2 5 2 2 5 
1 5 3 4 10 4 3 2 5 5 5 3 
1 7 6 4 8 8 2 3 4 5 5 4 
9 1 8 4 6 7 5 3 4 5 2 4 
2 2 8 7 5 5 2 3 5 1 2 5 
1 10 1 1 9 7 3 2 4 5 1 2 
2 4 7 7 3 8 4 5 2 3 4 4 
3 1 4 7 6 10 4 1 2 2 1 3 
7 2 8 9 7 4 5 2 4 2 1 4 
1 3 2 7 6 10 5 4 3 2 5 5 
7 2 8 9 7 4 5 2 4 2 1 4 
6 3 10 4 4 6 1 2 1 2 1 5 
1 1 5 7 5 5 5 4 1 1 4 5 
1 6 7 9 3 5 3 4 1 5 2 5 
1 7 4 4 7 4 2 1 5 2 3 4 
1 6 1 2 7 9 5 2 5 2 2 5 
1 6 1 2 6 9 5 2 5 2 2 3 
1 5 3 4 10 4 3 2 4 4 2 5 
1 4 8 6 3 10 5 1 5 5 5 4 
1 5 5 5 4 3 4 4 4 1 4 3 
1 6 7 9 3 5 3 2 1 1 3 4 
2 4 7 7 3 8 4 5 2 3 4 4 
1 1 5 7 5 5 3 2 5 1 5 4 
1 10 1 1 9 7 3 2 4 3 1 2 
1 6 7 9 3 5 3 2 2 3 4 4 
1 5 3 4 10 4 3 2 5 5 5 3 
3 1 4 7 6 10 4 1 2 2 1 3 
1 5 5 5 4 3 4 1 1 2 4 3 
