P=? [ F "success" ]	R=? [ F "done" ]
0.99	34.0717
0.9801	34.0214
0.9981	34.1446
0.9603	33.8611
0.99	34.0717
0.99	34.0717
1.0	34.1526
0.9998	34.1514
0.98	34.0213
0.99	34.0717
0.99	34.0717
0.97	33.94
0.999	34.1456
0.9702	33.9917
0.9999	34.1519
0.97	33.94
0.9991	34.1464
0.9899	34.0711
0.9991	34.1464
1.0	34.1526
0.9603	33.8611
0.99	34.0717
0.99	34.0717
0.98	34.0213
0.98	34.0213
0.99	34.0717
0.99	34.0717
0.99	34.0717
0.99	34.0717
0.9999	34.1519
0.9603	33.8611
0.9702	33.9917
0.99	34.0717
0.99	34.0717
0.97	33.94
0.99	34.0717
