P=? [ F "success" ]	R=? [ F "done" ]
0.99	41.0211
0.9888	41.0199
0.9703	40.9305
0.99	41.0211
1.0	41.2026
1.0	41.2026
1.0	41.2026
0.9998	41.1999
1.0	41.2026
1.0	41.2026
0.9999	41.2008
1.0	41.2026
1.0	41.2026
0.9411	40.9296
1.0	41.2026
1.0	41.2026
0.9999	41.2008
0.99	41.0211
0.99	41.0211
0.99	41.0211
1.0	41.2026
1.0	41.2026
0.99	41.0211
1.0	41.2026
1.0	41.2026
0.9998	41.1999
0.99	41.0211
0.9998	41.1999
1.0	41.2026
0.9998	41.1999
1.0	41.2026
0.9997	41.1996
0.99	41.0211
1.0	41.2026
0.9899	41.0202
0.98	40.931
1.0	41.2026
0.99	41.0211
1.0	41.2026
0.99	41.0211
1.0	41.2026
0.9703	40.9305
0.9998	41.1999
1.0	41.2026
0.98	40.931
0.9999	41.2008
1.0	41.2026
0.9999	41.2008
0.9998	41.1999
1.0	41.2026
1.0	41.2026
1.0	41.2026
0.9999	41.2008
