worker1_maxRetry_t3l5	worker1_maxRetry_t1l5	worker1_maxRetry_t3l8	worker1_maxRetry_t1l7	worker1_maxRetry_t3l7	worker2_maxRetry_t1l3	worker2_maxRetry_t1l9	r1_maxRetry_t2l4	r1_maxRetry_t2l6	r2_maxRetry_t3l1

1 4 4 5 5 5 3 9 5 3 
1 5 2 2 2 3 3 2 10 2 
1 5 1 3 1 2 3 7 6 7 
1 4 3 1 4 4 3 9 5 4 
4 4 4 3 5 3 1 6 8 8 
4 3 3 1 5 1 3 6 9 7 
3 2 4 3 5 5 4 3 5 10 
2 1 2 2 3 1 5 7 5 5 
5 3 4 3 3 1 1 7 9 9 
5 1 5 2 4 2 2 6 9 3 
2 4 4 4 3 5 4 6 6 7 
5 2 3 1 4 4 3 10 4 3 
5 5 5 2 4 4 1 6 9 9 
1 2 1 1 1 2 4 8 2 1 
3 4 4 3 5 3 3 8 10 10 
5 1 5 4 4 1 4 6 3 5 
2 1 4 2 3 1 4 5 7 10 
1 5 4 5 4 4 5 4 4 8 
1 1 4 3 5 5 4 9 3 3 
1 2 3 1 4 5 1 10 5 7 
3 2 3 4 4 5 3 10 3 8 
4 4 3 4 5 5 4 5 9 4 
1 5 3 1 3 4 4 4 9 6 
3 4 5 4 5 2 5 9 7 9 
4 1 4 4 3 3 4 5 10 4 
2 4 2 4 3 5 3 6 8 7 
1 4 3 1 4 4 3 9 5 4 
2 4 2 4 3 5 3 6 8 7 
4 5 3 3 4 3 5 3 5 7 
2 1 2 1 5 1 3 6 9 7 
4 3 3 2 3 1 5 7 5 5 
2 1 2 2 3 5 2 2 5 5 
1 2 3 1 4 5 1 10 5 7 
3 4 4 3 5 1 1 10 5 3 
1 5 2 1 5 1 3 6 9 7 
1 2 1 5 2 5 2 6 4 9 
5 1 5 4 4 5 4 3 6 6 
1 4 3 1 5 3 3 8 10 10 
3 4 4 3 4 4 3 9 5 4 
1 4 3 3 5 5 2 7 3 8 
5 1 5 4 4 1 4 7 5 9 
1 5 1 3 1 2 3 7 6 7 
2 4 2 2 3 1 5 7 5 5 
5 4 3 5 5 5 3 9 5 3 
1 3 1 5 2 1 2 8 9 3 
2 4 3 1 4 4 3 9 8 4 
4 3 3 3 3 1 3 4 4 7 
2 1 4 4 3 5 4 6 6 7 
2 4 2 2 3 1 5 7 5 5 
5 4 3 4 5 1 5 7 5 9 
3 2 4 3 5 3 4 3 5 10 
3 4 4 3 5 3 3 8 10 3 
2 1 5 2 5 5 2 9 3 5 
