P=? [ F "success" ]	R=? [ F "done" ]
0.9703	39.851
1.0	40.1521
1.0	40.1521
0.9999	40.1503
0.9998	40.1494
1.0	40.1521
1.0	40.1521
1.0	40.1521
1.0	40.1521
0.99	39.9711
0.9999	40.1503
0.9999	40.1503
0.9507	39.8503
0.99	39.9711
1.0	40.1521
1.0	40.1521
0.9899	39.9702
1.0	40.1521
0.9507	39.8503
0.99	39.9711
0.9998	40.1494
1.0	40.1521
1.0	40.1521
1.0	40.1521
0.9998	40.1494
0.99	39.9711
1.0	40.1521
0.9998	40.1494
1.0	40.1521
0.99	39.9711
1.0	40.1521
0.9999	40.1503
0.9999	40.1503
1.0	40.1521
0.9999	40.1503
1.0	40.1521
1.0	40.1521
0.99	39.9711
0.9505	39.85
1.0	40.1521
1.0	40.1521
0.99	39.9711
0.99	39.9711
0.99	39.9711
0.9999	40.1503
0.99	39.9711
1.0	40.1521
1.0	40.1521
0.99	39.9711
0.99	39.9711
0.99	39.9711
0.9997	40.1491
1.0	40.1521
0.99	39.9711
1.0	40.1521
1.0	40.1521
1.0	40.1521
0.9999	40.1503
1.0	40.1521
0.9998	40.1494
0.9999	40.1503
1.0	40.1521
0.99	39.9711
0.99	39.9711
1.0	40.1521
0.99	39.9711
1.0	40.1521
1.0	40.1521
1.0	40.1521
0.99	39.9711
1.0	40.1521
1.0	40.1521
1.0	40.1521
1.0	40.1521
0.9999	40.1503
0.9998	40.1494
0.9999	40.1503
0.9801	39.8815
0.99	39.9711
1.0	40.1521
0.9999	40.1503
1.0	40.1521
0.99	39.9711
0.9507	39.8503
0.9999	40.1503
