P=? [ F "success" ]	R=? [ F "done" ]
1.0	30.1324
1.0	30.1324
0.9699	29.9798
0.9998	30.1319
0.9991	30.128
0.99	30.092
1.0	30.1324
0.9899	30.0917
0.999	30.1276
0.97	29.9801
0.9899	30.0917
0.9991	30.128
0.99	30.092
0.9899	30.0917
0.99	30.092
0.97	29.9801
1.0	30.1324
0.9603	29.9408
0.99	30.092
0.99	30.092
0.99	30.092
1.0	30.1324
1.0	30.1324
0.9999	30.1321
0.9899	30.0917
0.9998	30.1319
0.9899	30.0917
0.99	30.092
0.9899	30.0917
0.9991	30.128
1.0	30.1324
0.97	29.9801
0.9991	30.128
0.9991	30.128
0.9899	30.0917
0.9801	30.0615
0.97	29.9801
0.9991	30.128
1.0	30.1324
0.9991	30.128
0.9998	30.1319
0.9899	30.0917
0.9898	30.0916
