worker2_maxRetry_t1l2	worker2_maxRetry_t1l5d	worker2_maxRetry_t1l5b	worker2_maxRetry_t1l5c	worker2_maxRetry_t3l5	worker2_maxRetry_t1l5a	r1_maxRetry_t3l3	r1_maxRetry_t2l3	r1_maxRetry_t2l9	r1_maxRetry_t3l9

5 3 1 4 4 5 3 7 10 5 
4 3 5 4 5 3 3 10 7 6 
4 4 3 5 2 1 1 10 6 6 
2 5 5 2 2 3 10 2 8 3 
3 2 3 5 4 1 2 7 8 9 
3 3 3 5 3 3 10 1 3 5 
3 4 3 1 4 1 3 6 7 10 
3 1 2 3 2 3 7 1 3 10 
1 3 2 5 4 5 2 2 3 8 
3 2 4 2 5 2 1 9 7 6 
3 1 1 3 2 4 8 1 9 5 
2 1 5 3 3 4 2 3 3 9 
5 5 1 3 3 5 6 1 4 7 
4 3 2 1 2 3 5 1 9 7 
1 1 4 1 3 1 9 1 9 3 
4 1 4 4 4 5 1 8 6 6 
1 2 2 1 3 1 3 4 8 10 
3 2 4 2 5 2 1 1 3 5 
5 5 1 3 3 5 6 1 4 7 
4 2 3 5 3 3 10 1 3 5 
1 1 4 1 3 1 9 1 9 3 
2 3 1 4 4 5 3 7 10 5 
3 4 3 1 4 1 3 6 7 10 
5 1 3 2 2 1 3 4 8 10 
1 2 1 3 2 4 8 1 9 5 
1 1 3 3 2 3 10 2 8 3 
3 1 1 5 2 3 7 1 3 10 
4 1 4 1 3 1 9 1 9 3 
1 3 2 1 2 3 5 1 9 7 
1 1 5 3 3 4 2 3 3 9 
2 2 2 1 3 1 3 4 8 10 
4 1 4 4 4 5 1 3 3 9 
2 1 5 3 3 4 2 8 6 6 
4 5 5 4 4 2 2 8 4 3 
4 5 3 3 2 2 10 1 3 6 
3 5 1 3 1 5 8 1 4 7 
3 2 4 2 5 2 1 9 7 6 
3 2 3 5 4 1 2 7 8 9 
4 3 5 4 5 3 3 7 8 9 
3 2 3 5 4 1 2 10 7 6 
5 5 3 4 2 4 5 2 9 8 
3 1 2 3 2 3 7 1 10 7 
4 3 2 1 2 3 5 1 2 6 
