r2_maxRetry_t2l7	r2_maxRetry_t3l8	r2_maxRetry_t3l9	r2_maxRetry_t3l6	worker1_maxRetry_t1l4	worker1_maxRetry_t1l7	worker1_maxRetry_t3l7	worker2_maxRetry_t1l2	worker2_maxRetry_t1l5	r1_maxRetry_t3l1	r1_maxRetry_t2l2

9 2 4 6 2 3 4 4 2 8 4 
8 3 4 6 1 5 4 2 5 4 9 
5 2 5 5 5 3 2 2 3 2 4 
1 8 2 9 1 2 2 5 4 7 7 
2 1 4 5 2 5 3 3 2 2 10 
2 6 6 9 4 3 3 1 5 8 7 
1 1 6 9 2 1 1 2 4 3 2 
1 1 2 9 2 5 5 1 1 10 1 
2 5 9 7 3 1 3 3 2 3 6 
2 2 3 9 5 1 2 2 1 3 10 
7 3 7 9 2 1 3 3 3 10 6 
2 2 2 6 5 1 2 5 2 6 7 
8 1 9 9 3 1 5 5 3 4 4 
8 1 2 6 2 1 1 2 2 1 8 
1 5 6 7 2 1 5 3 2 7 10 
4 1 9 10 1 4 3 2 5 7 9 
8 2 5 5 5 3 2 2 3 2 4 
8 3 10 10 1 3 5 1 1 10 3 
1 1 2 1 5 5 5 1 3 2 9 
1 5 2 7 5 2 4 4 4 4 7 
2 6 6 9 4 3 3 1 5 8 7 
4 2 8 7 4 3 3 4 5 6 9 
3 1 1 5 1 3 2 2 3 1 9 
2 2 3 9 5 1 2 2 1 3 10 
4 2 8 7 4 3 3 2 2 10 9 
9 2 4 8 1 1 4 5 5 10 10 
