worker1_maxRetry_t1l8	worker1_maxRetry_t1l5a	worker1_maxRetry_t1l5b	worker1_maxRetry_t1l6	worker1_maxRetry_t1l9	worker2_maxRetry_t3l1	r2_maxRetry_t2l3	r2_maxRetry_t3l3	r2_maxRetry_t2l9	r2_maxRetry_t2l8

4 5 4 4 3 3 1 4 5 5 
3 1 5 4 5 5 2 6 7 8 
2 1 3 5 2 3 1 9 10 7 
1 2 4 2 3 4 6 1 8 8 
2 2 1 3 4 5 2 1 3 6 
2 4 1 4 1 4 10 2 9 6 
2 1 4 4 2 4 8 1 3 4 
3 4 5 2 5 4 1 1 4 3 
2 1 3 2 5 5 10 1 10 5 
3 3 3 5 4 5 1 1 1 10 
2 1 4 1 3 3 2 6 8 10 
4 1 1 1 4 3 6 3 5 5 
2 5 5 4 2 4 8 2 4 10 
4 1 1 3 1 5 5 2 9 8 
5 2 5 2 4 5 9 1 4 8 
3 3 1 5 4 5 2 1 4 6 
5 4 2 2 4 2 1 3 8 2 
1 4 3 2 3 3 2 7 10 3 
1 3 4 1 5 5 10 1 8 3 
3 2 3 4 1 4 7 1 3 10 
4 1 1 3 1 5 1 1 1 10 
3 3 3 5 4 5 5 2 9 8 
2 1 4 1 3 3 2 6 8 10 
2 1 3 5 2 3 1 1 10 5 
3 4 5 2 5 4 1 1 7 8 
5 3 4 5 4 3 10 3 5 5 
2 1 4 4 2 4 8 1 3 3 
2 2 1 3 4 5 2 7 9 10 
3 4 1 1 4 5 1 1 1 10 
5 5 3 2 5 5 10 1 10 5 
3 2 1 1 1 5 1 1 1 10 
3 4 5 2 5 4 1 1 4 3 
2 2 1 3 4 5 2 1 3 6 
4 3 4 2 2 4 5 2 9 8 
1 4 4 3 1 5 4 1 4 6 
3 3 1 5 4 5 2 6 9 4 
2 5 5 4 2 4 8 2 4 10 
2 1 3 2 5 5 10 1 10 8 
3 1 5 4 5 5 2 6 7 5 
3 4 5 2 1 4 10 2 9 6 
2 2 1 3 4 5 2 1 3 6 
5 4 2 2 4 2 1 3 8 1 
2 4 3 2 3 3 2 7 10 3 
2 1 4 1 3 3 2 6 8 3 
