P=? [ F "success" ]	R=? [ F "done" ]
0.9999	32.1519
0.9603	31.9701
0.9991	32.15
0.9991	32.15
1.0	32.1527
0.9891	32.0595
0.9999	32.1519
0.9991	32.15
0.9593	31.9692
0.9603	31.9701
0.9507	31.9499
0.9891	32.0595
0.9899	32.0617
0.9801	32.0114
0.9891	32.0595
1.0	32.1527
1.0	32.1527
0.9603	31.9701
1.0	32.1527
0.9991	32.15
0.9507	31.9499
0.9999	32.1519
0.9999	32.1519
0.99	32.0622
0.99	32.0622
1.0	32.1527
0.9603	31.9701
0.9891	32.0595
0.9999	32.1519
0.9801	32.0114
1.0	32.1527
0.9991	32.15
0.9991	32.15
0.9999	32.1519
0.9999	32.1519
0.9603	31.9701
0.9603	31.9701
