worker2_maxRetry_t1l5	worker2_maxRetry_t3l8a	worker2_maxRetry_t1l9	worker2_maxRetry_t1l3	r1_maxRetry_t2l7	r1_maxRetry_t3l8b	r1_maxRetry_t3l9	r1_maxRetry_t2l9	r2_maxRetry_t2l2	r2_maxRetry_t2l5

3 2 3 5 10 9 6 3 8 4 
4 1 4 4 6 1 9 7 7 8 
4 4 3 5 4 2 5 7 5 5 
5 3 3 4 9 2 7 3 10 10 
2 5 2 2 3 10 3 3 4 9 
5 1 4 4 4 2 7 8 8 8 
1 2 3 5 4 5 6 8 9 10 
3 5 5 2 5 2 3 10 9 7 
5 1 5 5 3 1 2 2 9 4 
3 1 2 5 3 1 3 10 4 10 
4 1 5 5 8 1 4 6 1 10 
1 1 5 3 5 2 10 5 6 10 
1 1 2 1 2 3 4 7 8 10 
2 1 5 4 1 10 8 4 3 10 
1 1 5 1 8 2 5 6 5 9 
2 5 5 4 4 9 3 3 4 8 
4 3 5 1 4 3 9 8 10 10 
3 1 2 5 3 1 3 10 4 9 
2 5 2 2 3 10 3 3 4 10 
3 5 5 2 5 2 3 10 9 7 
3 1 2 5 3 1 3 10 1 9 
1 2 3 1 9 10 10 8 9 8 
3 2 3 5 10 9 6 3 8 9 
4 1 3 1 7 3 4 5 6 9 
2 1 1 2 3 10 3 3 4 9 
3 3 2 2 3 10 3 3 4 9 
3 1 3 1 10 1 6 8 8 5 
1 1 5 1 8 2 4 6 5 9 
1 2 3 1 9 10 10 8 4 7 
3 1 1 5 1 10 8 4 3 10 
2 5 2 2 3 10 3 3 4 3 
1 4 3 5 4 2 5 7 5 5 
4 4 3 5 4 2 5 7 5 5 
4 2 3 5 9 7 9 4 5 9 
1 2 3 5 4 5 6 8 9 8 
4 1 4 4 6 1 9 7 7 10 
4 1 4 4 6 1 9 7 7 8 
