P=? [ F "success" ]	R=? [ F "done" ]
0.9603	35.0012
1.0	35.1735
0.99	35.0631
0.9306	34.8795
0.99	35.0631
1.0	35.1735
0.999	35.1688
0.999	35.1688
0.99	35.0631
0.9602	34.9414
0.99	35.0631
0.9603	35.0012
0.999	35.1688
0.99	35.0631
0.99	35.0631
0.9703	35.0124
0.9991	35.1699
0.99	35.0631
0.9603	35.0012
0.999	35.1688
0.99	35.0631
1.0	35.1735
0.9891	35.0594
0.9998	35.172
1.0	35.1735
0.9306	34.8795
0.98	35.0125
1.0	35.1735
0.9603	35.0012
0.9703	35.0124
1.0	35.1735
0.9899	35.0626
0.9999	35.1724
0.9306	34.8795
0.9998	35.172
0.9991	35.1699
0.99	35.0631
0.9991	35.1699
0.9991	35.1699
0.99	35.0631
0.99	35.0631
