P=? [ F "success" ]	R=? [ F "done" ]
0.99	34.992
1.0	35.1425
0.97	34.9298
0.9891	34.9858
0.9699	34.9284
0.989	34.9857
0.9999	35.1412
0.9982	35.1326
0.9991	35.1362
0.9603	34.92
0.9998	35.1406
0.9507	34.7792
0.99	34.992
0.969	34.9249
0.9694	34.9251
1.0	35.1425
0.9891	34.9858
0.99	34.992
0.9891	34.9858
0.9602	34.7794
0.9698	34.9278
0.9891	34.9858
0.9694	34.9251
0.9891	34.9858
0.9602	34.7794
0.969	34.9249
0.9891	34.9858
0.99	34.992
0.9694	34.9251
0.9694	34.9251
0.9899	34.9917
0.9699	34.9284
0.9891	34.9858
0.9507	34.7792
0.99	34.992
