r2_maxRetry_t3l5	r2_maxRetry_t2l8	r2_maxRetry_t3l8	r2_maxRetry_t2l6b	r2_maxRetry_t2l6a	worker1_maxRetry_t1l1	worker2_maxRetry_t3l3	worker2_maxRetry_t1l3	worker2_maxRetry_t1l6	worker2_maxRetry_t1l5	worker2_maxRetry_t1l8

4 7 3 8 7 3 1 3 4 2 1 
10 3 3 6 9 3 3 3 4 4 4 
1 9 3 5 3 2 3 2 5 5 2 
2 3 8 6 6 1 1 3 4 4 4 
1 7 9 9 9 3 2 2 5 2 5 
2 9 10 2 10 5 1 2 2 2 3 
4 6 8 9 9 4 2 2 3 5 1 
2 9 2 3 5 5 4 2 4 4 3 
2 5 3 9 5 1 5 1 3 2 5 
1 3 6 1 5 4 3 2 2 3 5 
4 2 6 7 4 4 2 5 2 1 5 
1 6 3 9 1 4 1 2 5 1 1 
5 10 3 7 7 3 1 2 4 4 5 
1 6 2 4 5 3 2 5 5 3 5 
2 1 10 1 7 2 1 5 1 1 3 
3 9 9 8 5 5 5 1 4 5 5 
2 10 6 8 6 4 1 1 1 3 3 
9 8 3 9 7 1 1 5 3 2 1 
2 8 7 6 6 1 1 3 4 1 2 
1 4 10 9 2 4 1 5 1 5 4 
1 2 3 8 3 4 2 4 1 1 1 
2 8 8 4 7 2 1 4 3 5 1 
2 1 10 1 7 2 1 5 1 1 3 
2 8 7 6 6 1 1 3 4 1 2 
1 4 10 9 2 4 1 5 1 5 3 
1 6 2 4 5 3 2 5 5 5 3 
2 8 7 6 5 5 1 4 1 3 2 
9 8 3 9 7 1 1 5 3 2 5 
2 1 10 1 7 2 1 5 1 1 3 
2 1 10 1 7 2 1 5 1 1 3 
5 2 10 6 6 1 1 3 4 1 2 
1 4 10 9 9 4 2 2 3 5 1 
2 8 7 6 6 1 1 3 4 1 2 
1 6 3 9 1 4 1 2 5 1 1 
9 10 3 8 7 3 1 3 4 2 1 
