P=? [ F "success" ]	R=? [ F "done" ]
0.9602	30.9908
-0.0	0.0
-0.0	0.0
-0.0	0.0
0.999	31.2286
-0.0	0.0
0.9603	30.9909
1.0	31.2353
0.9982	31.2244
-0.0	0.0
-0.0	0.0
-0.0	0.0
-0.0	0.0
-0.0	0.0
0.9899	31.2046
-0.0	0.0
0.9691	31.0186
0.9409	30.9602
-0.0	0.0
-0.0	0.0
-0.0	0.0
0.9314	30.8725
0.9991	31.229
0.99	31.2047
0.9601	30.9906
-0.0	0.0
-0.0	0.0
-0.0	0.0
0.9997	31.2346
-0.0	0.0
-0.0	0.0
0.9998	31.235
-0.0	0.0
-0.0	0.0
-0.0	0.0
-0.0	0.0
0.9689	31.0166
-0.0	0.0
-0.0	0.0
-0.0	0.0
-0.0	0.0
-0.0	0.0
0.9602	30.9908
0.9409	30.9602
-0.0	0.0
0.9982	31.2244
0.9898	31.2045
-0.0	0.0
0.9882	31.1939
0.9792	31.1724
0.9699	31.0211
0.9899	31.2046
0.9899	31.2046
0.9999	31.2351
0.9991	31.229
0.9689	31.0166
-0.0	0.0
0.9409	30.9602
0.97	31.0214
1.0	31.2353
-0.0	0.0
-0.0	0.0
0.9899	31.2046
0.9689	31.0166
0.9998	31.235
0.9899	31.2046
0.9594	30.9881
0.9408	30.9316
0.9891	31.2003
-0.0	0.0
-0.0	0.0
0.9991	31.229
0.99	31.2047
