worker1_maxRetry_t1l1	worker1_maxRetry_t3l7	worker1_maxRetry_t1l7	worker2_maxRetry_t3l1	r1_maxRetry_t2l7	r1_maxRetry_t3l9	r2_maxRetry_t2l2	r2_maxRetry_t2l5	r2_maxRetry_t2l3	r2_maxRetry_t3l3

1 3 1 3 10 3 3 8 4 5 
4 2 2 5 2 3 9 3 2 6 
2 1 1 4 1 4 10 1 5 8 
4 2 2 4 5 8 2 8 7 2 
3 3 2 4 6 10 1 1 2 2 
5 5 2 3 10 10 4 6 10 3 
2 4 2 4 7 3 7 8 7 7 
4 2 1 4 5 4 4 3 10 4 
1 2 5 5 6 9 3 8 5 7 
5 4 3 4 10 10 4 9 5 9 
5 4 1 3 4 5 9 5 10 4 
3 4 5 5 4 10 6 6 6 9 
4 2 2 4 2 8 3 5 4 5 
3 4 5 5 3 5 1 10 5 4 
2 4 2 3 4 5 3 5 6 5 
5 5 4 4 9 8 3 6 7 5 
2 2 2 5 9 10 6 6 8 3 
1 3 1 3 3 6 8 3 5 9 
4 1 4 1 8 7 1 1 6 2 
4 2 3 3 3 8 2 4 7 2 
1 3 5 3 5 6 1 2 7 8 
5 4 3 3 10 9 4 8 4 3 
2 2 3 4 5 10 5 3 10 10 
2 4 2 3 4 5 3 5 6 6 
2 4 2 4 2 8 3 5 4 5 
4 2 2 4 7 3 7 8 7 7 
4 4 5 5 3 5 1 10 5 4 
3 2 1 4 5 4 4 3 10 4 
5 4 1 3 4 5 9 5 10 4 
5 4 3 3 10 9 4 8 4 3 
5 4 1 3 4 5 1 2 7 8 
1 3 5 3 5 6 9 5 10 4 
2 2 2 5 9 10 6 6 8 3 
1 2 3 3 7 3 1 4 3 7 
1 3 5 3 5 6 1 2 7 8 
4 3 3 4 3 7 1 1 6 2 
5 5 3 4 10 10 4 9 5 9 
3 1 3 3 3 10 1 4 3 7 
4 1 1 4 1 4 10 1 5 8 
2 2 2 5 2 3 9 3 2 6 
4 2 2 4 2 8 5 3 10 10 
1 3 1 3 10 3 3 7 6 8 
2 1 1 4 1 4 10 1 5 8 
4 2 2 5 2 3 9 3 2 6 
3 5 2 3 9 7 7 8 4 5 
3 2 2 5 9 10 6 6 8 3 
4 3 2 4 7 3 7 8 7 7 
3 2 2 4 2 8 3 5 4 5 
