P=? [ F "success" ]	R=? [ F "done" ]
1.0	32.2033
0.9997	32.2026
0.9703	32.1018
0.9989	32.2023
0.9791	32.1024
1.0	32.2033
1.0	32.2033
0.9999	32.203
0.9999	32.203
1.0	32.2033
1.0	32.2033
1.0	32.2033
0.9998	32.2027
0.99	32.1427
1.0	32.2033
1.0	32.2033
0.9999	32.203
1.0	32.2033
0.9597	32.0715
0.9989	32.2023
0.9899	32.1423
1.0	32.2033
0.9999	32.203
1.0	32.2033
0.9999	32.203
0.9999	32.203
0.99	32.1427
0.9999	32.203
1.0	32.2033
1.0	32.2033
0.9899	32.1423
1.0	32.2033
0.9999	32.203
0.9899	32.1423
0.9899	32.1423
0.9792	32.1025
1.0	32.2033
0.9801	32.1121
0.9703	32.1018
0.9997	32.2026
0.9998	32.2027
1.0	32.2033
0.9703	32.1018
0.9997	32.2026
1.0	32.2033
0.9999	32.203
1.0	32.2033
0.9998	32.2027
