P=? [ F "success" ]	R=? [ F "done" ]
1.0	30.0713
0.9412	29.8999
1.0	30.0713
0.9703	29.9504
0.9703	29.9504
0.9989	30.0692
0.99	29.9906
0.9801	29.9505
0.989	29.9891
0.9989	30.0692
0.99	29.9906
0.9801	29.9505
0.9899	29.9902
0.999	30.0698
0.9891	29.9897
0.9998	30.0699
0.9999	30.0705
0.9999	30.0705
0.9891	29.9897
0.9998	30.0699
1.0	30.0713
1.0	30.0713
1.0	30.0713
1.0	30.0713
1.0	30.0713
1.0	30.0713
1.0	30.0713
1.0	30.0713
1.0	30.0713
1.0	30.0713
1.0	30.0713
0.99	29.9906
1.0	30.0713
1.0	30.0713
1.0	30.0713
1.0	30.0713
1.0	30.0713
1.0	30.0713
1.0	30.0713
1.0	30.0713
1.0	30.0713
1.0	30.0713
1.0	30.0713
1.0	30.0713
1.0	30.0713
1.0	30.0713
1.0	30.0713
0.99	29.9906
1.0	30.0713
1.0	30.0713
0.9999	30.0705
1.0	30.0713
0.99	29.9906
1.0	30.0713
1.0	30.0713
1.0	30.0713
1.0	30.0713
1.0	30.0713
1.0	30.0713
1.0	30.0713
0.9999	30.0705
0.99	29.9906
1.0	30.0713
0.9999	30.0705
1.0	30.0713
1.0	30.0713
1.0	30.0713
1.0	30.0713
1.0	30.0713
1.0	30.0713
1.0	30.0713
1.0	30.0713
1.0	30.0713
1.0	30.0713
1.0	30.0713
1.0	30.0713
0.99	29.9906
1.0	30.0713
1.0	30.0713
0.99	29.9906
1.0	30.0713
1.0	30.0713
1.0	30.0713
1.0	30.0713
0.99	29.9906
1.0	30.0713
1.0	30.0713
1.0	30.0713
1.0	30.0713
1.0	30.0713
1.0	30.0713
1.0	30.0713
1.0	30.0713
1.0	30.0713
1.0	30.0713
1.0	30.0713
1.0	30.0713
1.0	30.0713
1.0	30.0713
1.0	30.0713
