P=? [ F "success" ]	R=? [ F "done" ]
0.9497	44.9183
0.9998	45.1913
1.0	45.193
0.99	45.0427
0.9998	45.1913
0.9999	45.1916
0.9997	45.1911
0.9981	45.1872
0.9507	44.9812
0.9506	44.92
0.9991	45.1894
0.989	45.0389
0.99	45.0427
0.99	45.0427
0.98	45.0019
0.9998	45.1913
0.9899	45.0421
0.9998	45.1913
0.9801	45.0021
1.0	45.193
0.9998	45.1913
0.99	45.0427
0.9998	45.1913
0.99	45.0427
0.99	45.0427
0.9981	45.1872
0.9891	45.039
0.9999	45.1916
0.99	45.0427
0.9998	45.1913
0.999	45.1879
0.9998	45.1913
0.9998	45.1913
