P=? [ F "success" ]	R=? [ F "done" ]
1.0	41.2127
0.99	41.0512
1.0	41.2127
0.9791	40.9411
0.9899	41.0501
0.99	41.0512
1.0	41.2127
0.9998	41.21
0.9999	41.2111
1.0	41.2127
1.0	41.2127
0.9999	41.2111
1.0	41.2127
1.0	41.2127
1.0	41.2127
0.9999	41.2111
0.99	41.0512
0.9999	41.2111
1.0	41.2127
0.9999	41.2111
0.9998	41.21
0.9999	41.2111
0.9999	41.2111
1.0	41.2127
1.0	41.2127
0.9999	41.2111
0.99	41.0512
1.0	41.2127
0.99	41.0512
0.99	41.0512
1.0	41.2127
0.9999	41.2111
1.0	41.2127
0.98	40.9413
1.0	41.2127
0.99	41.0512
