r2_maxRetry_t2l1	worker2_maxRetry_t1l4a	worker2_maxRetry_t1l4b	worker2_maxRetry_t1l5	worker2_maxRetry_t3l6b	worker2_maxRetry_t3l6a	worker2_maxRetry_t1l9	worker2_maxRetry_t3l7	r1_maxRetry_t2l5	r1_maxRetry_t2l6	r1_maxRetry_t3l3

6 5 1 2 4 3 5 5 9 3 10 
9 4 1 1 1 3 1 3 7 7 4 
3 5 1 4 5 3 2 4 10 9 8 
4 4 2 1 1 1 2 5 9 2 2 
8 1 3 3 1 2 5 3 4 3 9 
9 1 5 3 1 5 4 4 7 7 10 
9 4 5 3 4 5 3 4 7 8 8 
4 1 5 1 2 2 4 3 10 5 4 
5 4 5 4 2 3 3 5 5 9 9 
4 3 4 1 5 3 4 3 9 8 7 
3 1 2 3 4 4 1 4 5 5 8 
8 1 4 5 2 4 3 4 8 8 6 
4 2 4 1 4 3 1 5 3 9 5 
3 2 3 2 3 5 2 5 6 4 9 
9 1 3 3 3 3 1 3 7 9 5 
10 4 2 2 2 4 4 3 7 3 8 
9 1 5 3 1 5 4 4 7 7 10 
7 2 4 5 2 4 3 4 8 8 6 
8 2 3 2 3 5 2 5 6 4 9 
5 4 5 4 2 3 3 5 5 9 3 
4 1 5 1 2 2 4 3 10 5 4 
5 4 5 4 2 3 3 5 5 9 9 
8 1 4 5 2 4 3 4 8 8 6 
8 4 3 4 5 4 4 3 7 9 5 
8 4 3 4 5 4 4 3 9 10 7 
8 4 1 5 2 4 3 4 8 8 6 
9 4 1 1 1 3 1 3 7 7 4 
8 1 3 3 3 3 1 3 7 9 5 
9 2 1 3 1 4 5 4 6 9 7 
9 4 1 1 1 3 1 3 7 7 6 
3 1 3 3 3 3 1 3 7 9 5 
8 5 4 5 2 4 3 4 8 8 6 
3 2 5 2 5 4 3 4 5 5 6 
2 5 1 4 1 1 5 5 4 4 5 
3 2 3 2 3 5 2 5 6 4 9 
8 1 4 5 1 3 4 4 5 9 3 
