worker2_maxRetry_t3l1	worker2_maxRetry_t1l1	worker2_maxRetry_t3l3	worker2_maxRetry_t1l3	worker2_maxRetry_t3l2	worker2_maxRetry_t1l5	worker2_maxRetry_t1l8	r1_maxRetry_t3l7	r1_maxRetry_t2l7	r1_maxRetry_t2l8	r1_maxRetry_t3l9	r1_maxRetry_t2l9	r1_maxRetry_t2l5

2 3 4 3 2 4 1 8 8 6 6 5 2 
1 3 4 5 1 3 2 1 5 9 6 7 9 
1 4 4 1 3 4 5 8 3 8 8 10 7 
2 5 4 3 5 1 3 3 5 10 7 7 2 
1 3 1 4 3 3 5 10 3 4 6 4 8 
1 2 5 1 4 4 4 8 2 2 3 3 7 
1 1 1 2 1 3 1 2 7 8 6 7 4 
1 4 1 2 2 3 5 4 5 1 1 7 10 
1 4 1 1 5 3 5 1 4 10 1 5 8 
3 2 4 2 5 1 5 3 8 8 8 10 3 
2 1 4 5 2 3 3 2 7 3 2 7 5 
1 2 1 2 2 3 3 3 8 5 10 7 1 
1 3 4 5 1 3 2 1 5 9 6 7 9 
1 2 5 1 4 4 4 8 2 2 3 10 4 
1 1 5 4 1 4 4 1 5 9 7 2 8 
1 3 1 4 3 3 5 10 3 4 6 4 8 
3 2 4 2 5 1 5 3 8 8 8 10 3 
1 2 1 2 2 3 3 3 8 5 10 7 1 
2 3 4 3 2 4 2 2 10 7 8 6 7 
1 4 1 5 1 3 2 9 6 1 8 9 2 
3 2 4 2 5 1 5 3 8 8 8 10 3 
1 3 4 5 1 3 2 1 5 9 4 3 5 
1 1 1 2 1 3 1 2 3 7 6 3 7 
1 5 5 2 2 1 2 4 10 5 3 5 3 
1 4 4 1 3 4 5 8 3 8 8 10 9 
1 2 1 2 2 3 3 3 8 5 10 7 8 
2 1 4 4 4 1 5 9 8 8 3 3 10 
1 2 1 2 2 3 3 3 8 5 4 3 5 
