P=? [ F "success" ]	R=? [ F "done" ]
0.99	28.0818
0.99	28.0818
0.9891	28.08
1.0	28.1527
0.99	28.0818
0.9991	28.1509
0.9998	28.1514
0.9991	28.1509
0.999	28.1502
0.99	28.0818
1.0	28.1527
0.9999	28.1521
0.9899	28.0814
0.9991	28.1509
0.9703	27.9811
0.9991	28.1509
0.9801	28.0216
0.9899	28.0814
0.9991	28.1509
0.99	28.0818
0.99	28.0818
0.9891	28.08
0.9991	28.1509
0.9979	28.1499
0.9991	28.1509
0.9891	28.08
0.9899	28.0814
0.9991	28.1509
0.9999	28.1521
0.999	28.1502
0.99	28.0818
0.9891	28.08
0.9899	28.0814
0.9891	28.08
0.99	28.0818
0.9891	28.08
