P=? [ F "success" ]	R=? [ F "done" ]
-0.0	0.0
0.999	31.2319
-0.0	0.0
0.9315	30.9597
0.9412	31.0317
0.96	31.0413
0.9801	31.0935
0.9399	30.9889
0.9703	31.0934
0.9602	31.0512
0.998	31.2271
0.9691	31.0796
0.9899	31.1942
0.9881	31.1663
0.9801	31.0935
0.9881	31.1663
0.9898	31.1739
0.9691	31.0796
0.9699	31.0823
0.9412	31.0317
0.9981	31.2284
0.9899	31.1942
0.9601	31.0416
0.9601	31.0416
-0.0	0.0
-0.0	0.0
-0.0	0.0
-0.0	0.0
-0.0	0.0
-0.0	0.0
-0.0	0.0
-0.0	0.0
-0.0	0.0
-0.0	0.0
-0.0	0.0
-0.0	0.0
-0.0	0.0
-0.0	0.0
-0.0	0.0
-0.0	0.0
-0.0	0.0
-0.0	0.0
-0.0	0.0
-0.0	0.0
-0.0	0.0
-0.0	0.0
-0.0	0.0
-0.0	0.0
-0.0	0.0
-0.0	0.0
-0.0	0.0
-0.0	0.0
-0.0	0.0
-0.0	0.0
-0.0	0.0
-0.0	0.0
-0.0	0.0
-0.0	0.0
-0.0	0.0
-0.0	0.0
-0.0	0.0
-0.0	0.0
-0.0	0.0
-0.0	0.0
-0.0	0.0
-0.0	0.0
-0.0	0.0
-0.0	0.0
-0.0	0.0
-0.0	0.0
-0.0	0.0
-0.0	0.0
-0.0	0.0
-0.0	0.0
-0.0	0.0
-0.0	0.0
-0.0	0.0
-0.0	0.0
-0.0	0.0
-0.0	0.0
-0.0	0.0
-0.0	0.0
-0.0	0.0
0.9899	31.1942
-0.0	0.0
-0.0	0.0
-0.0	0.0
-0.0	0.0
-0.0	0.0
-0.0	0.0
-0.0	0.0
0.9691	31.0796
-0.0	0.0
-0.0	0.0
-0.0	0.0
-0.0	0.0
-0.0	0.0
-0.0	0.0
-0.0	0.0
-0.0	0.0
