worker1_maxRetry_t3l1	worker1_maxRetry_t1l1	worker2_maxRetry_t1l4	worker2_maxRetry_t3l7a	worker2_maxRetry_t3l7c	worker2_maxRetry_t3l7b	worker2_maxRetry_t3l8	worker2_maxRetry_t3l9	r1_maxRetry_t2l2	r1_maxRetry_t3l2b	r1_maxRetry_t3l2a

4 2 4 3 3 5 3 4 5 4 5 
3 3 2 5 4 5 3 5 5 3 5 
5 5 5 1 3 5 5 5 9 6 10 
5 5 5 1 2 2 4 5 9 3 6 
3 3 3 2 4 5 4 3 7 9 6 
2 1 3 2 2 4 2 4 3 6 5 
4 1 3 1 1 1 1 5 1 1 4 
4 2 4 1 1 5 5 3 5 10 5 
3 2 2 3 3 5 4 3 3 8 9 
4 1 5 1 1 3 1 2 10 8 10 
3 1 3 1 1 2 4 3 2 10 10 
2 4 2 1 2 2 2 5 10 7 9 
2 4 2 1 2 2 2 5 10 8 3 
4 1 3 1 1 1 1 3 5 2 7 
3 5 2 1 3 5 5 5 9 6 10 
4 1 5 1 1 3 1 2 10 9 8 
3 5 5 1 3 5 5 5 9 6 10 
4 1 4 1 2 5 4 5 8 9 8 
5 3 3 2 2 4 2 4 3 6 5 
2 3 1 2 2 4 3 2 9 2 4 
4 2 4 3 3 5 3 4 5 4 5 
4 2 4 1 1 5 5 3 5 10 5 
5 3 2 2 2 5 5 3 5 10 5 
4 2 4 1 1 4 5 3 1 10 9 
3 1 3 1 1 2 4 3 2 10 10 
2 4 2 1 1 5 5 3 5 10 5 
4 2 4 1 2 2 2 5 10 7 9 
3 2 2 3 3 5 4 3 3 8 9 
2 1 3 2 2 4 2 4 3 6 5 
5 5 5 3 3 5 4 3 3 8 9 
3 2 2 1 3 5 5 5 9 6 10 
