P=? [ F "success" ]	R=? [ F "done" ]
0.97	34.9403
0.9991	35.1464
0.9998	35.1508
0.98	34.9608
0.999	35.1456
0.9315	34.8295
0.97	34.9403
0.99	35.0418
0.97	34.9403
0.99	35.0418
0.99	35.0418
0.99	35.0418
0.9699	34.9395
0.9603	34.8315
0.9899	35.0408
0.9991	35.1464
0.9999	35.1516
0.97	34.9403
0.99	35.0418
0.9315	34.8295
0.99	35.0418
1.0	35.1526
0.9801	34.9613
0.99	35.0418
0.999	35.1456
0.9981	35.1446
0.969	34.9383
0.9998	35.1508
0.99	35.0418
0.9698	34.939
1.0	35.1526
0.9991	35.1464
0.9991	35.1464
0.99	35.0418
0.98	34.9608
0.969	34.9383
0.9997	35.1503
0.9999	35.1516
