P=? [ F "success" ]	R=? [ F "done" ]
0.9899	34.1428
0.9698	34.0305
1.0	34.1836
0.9408	33.9095
0.989	34.1395
1.0	34.1836
0.9982	34.1755
0.97	34.0312
-0.0	0.0
0.9991	34.179
0.9698	34.0305
0.9603	34.0016
1.0	34.1836
0.9999	34.1832
0.9898	34.1427
0.9801	34.1127
0.969	34.029
0.9409	33.9097
0.9602	33.9904
0.9699	34.0307
0.9981	34.1751
0.9409	33.9097
0.9982	34.1755
0.9991	34.179
0.97	34.0312
0.97	34.0312
0.97	34.0312
0.9998	34.1829
0.9991	34.179
0.9999	34.1832
0.97	34.0312
0.9408	33.9095
0.9982	34.1755
0.97	34.0312
0.999	34.1787
1.0	34.1836
1.0	34.1836
0.9698	34.0305
0.9999	34.1832
0.9507	33.9611
0.99	34.1431
0.97	34.0312
