P=? [ F "success" ]	R=? [ F "done" ]
0.98	35.143
1.0	35.234
0.9602	35.0019
-0.0	0.0
0.97	35.0514
0.99	35.1836
0.9699	35.051
0.9412	34.9912
0.99	35.1836
0.9699	35.051
0.9891	35.18
0.999	35.2301
0.9998	35.2333
-0.0	0.0
-0.0	0.0
-0.0	0.0
-0.0	0.0
0.99	35.1836
-0.0	0.0
0.9702	35.1425
0.97	35.0514
0.9991	35.2305
0.9698	35.0505
0.9699	35.051
0.9898	35.183
0.9981	35.2246
0.97	35.0514
0.9982	35.2277
-0.0	0.0
-0.0	0.0
0.9702	35.1425
0.9899	35.1831
0.9989	35.2283
0.97	35.0514
0.9412	34.9912
0.9412	34.9912
0.9801	35.1735
0.9603	35.0318
1.0	35.234
0.9699	35.051
-0.0	0.0
0.99	35.1836
-0.0	0.0
0.9999	35.2336
0.9703	35.1426
