P=? [ F "success" ]	R=? [ F "done" ]
-0.0	0.0
-0.0	0.0
1.0	34.1728
-0.0	0.0
0.9701	33.9612
-0.0	0.0
0.9891	34.0179
0.999	34.1669
-0.0	0.0
0.9998	34.1709
-0.0	0.0
0.9889	34.0176
-0.0	0.0
0.9991	34.1684
-0.0	0.0
-0.0	0.0
0.99	34.0223
0.9603	33.8705
-0.0	0.0
-0.0	0.0
-0.0	0.0
0.9799	33.9613
0.9412	33.8113
-0.0	0.0
-0.0	0.0
1.0	34.1728
0.98	33.9615
0.9991	34.1684
0.9991	34.1684
0.9889	34.0176
0.9989	34.1668
-0.0	0.0
0.9801	33.9616
0.9799	33.9613
0.9889	34.0176
0.999	34.1669
0.9898	34.0214
0.9991	34.1684
1.0	34.1728
0.99	34.0223
0.9799	33.9613
0.9999	34.1713
1.0	34.1728
1.0	34.1728
1.0	34.1728
-0.0	0.0
1.0	34.1728
0.9891	34.0179
-0.0	0.0
0.9701	33.9612
0.99	34.0223
-0.0	0.0
0.9997	34.1706
0.99	34.0223
0.9991	34.1684
-0.0	0.0
