r1_maxRetry_t3l2	r1_maxRetry_t2l3	r1_maxRetry_t3l3	r1_maxRetry_t2l6	r2_maxRetry_t3l1	r2_maxRetry_t2l4	r2_maxRetry_t2l7	worker1_maxRetry_t1l4	worker1_maxRetry_t1l6	worker1_maxRetry_t1l9	worker1_maxRetry_t3l9	worker1_maxRetry_t1l8

9 2 3 3 6 9 9 5 4 5 1 1 
1 2 4 7 5 8 4 4 1 3 2 5 
4 10 3 10 6 4 7 5 4 5 5 1 
1 6 7 7 1 2 6 2 2 5 5 1 
7 9 10 6 2 6 2 4 1 2 1 2 
10 10 3 6 9 7 7 2 1 1 3 3 
2 10 5 4 2 10 7 3 5 4 3 5 
1 3 5 8 5 10 8 1 4 3 5 5 
9 9 8 10 6 8 8 5 3 5 5 1 
2 6 5 10 3 8 6 1 3 3 5 1 
1 2 8 5 5 8 4 5 4 1 2 2 
1 1 10 8 10 10 7 3 2 2 4 3 
9 4 3 8 6 3 5 3 2 5 3 3 
4 9 8 10 3 10 3 4 5 3 2 1 
5 2 6 6 4 2 10 2 3 4 1 2 
9 1 7 3 10 5 10 3 2 5 1 4 
1 9 2 4 5 9 10 2 5 3 2 5 
1 6 7 6 1 6 6 1 1 3 5 2 
1 2 9 9 9 7 6 4 2 1 1 3 
1 8 6 10 3 10 3 3 5 3 2 1 
2 10 5 4 2 10 7 3 2 2 2 4 
1 8 10 6 1 6 6 1 1 3 5 2 
2 10 5 4 2 3 7 3 3 3 5 1 
2 6 5 10 3 8 6 1 5 4 3 5 
1 3 5 8 5 10 8 1 4 3 5 2 
1 7 8 3 10 8 5 5 3 3 4 3 
1 8 3 10 8 5 3 5 2 1 4 4 
9 2 7 3 3 8 7 1 1 1 2 5 
2 5 7 4 3 8 6 1 3 3 5 1 
4 9 8 10 3 10 3 4 5 3 2 2 
1 7 8 3 10 8 7 1 1 5 4 5 
1 6 7 7 1 2 6 2 2 5 5 1 
2 3 10 4 2 10 7 3 5 4 3 5 
1 6 6 5 8 8 3 3 2 1 5 3 
2 3 4 5 7 7 4 5 5 3 2 3 
10 10 3 6 9 7 7 2 1 1 3 3 
3 10 10 8 10 10 7 3 2 2 4 3 
1 2 8 5 5 8 4 5 4 2 2 3 
4 9 8 10 3 10 3 4 5 3 2 1 
1 1 10 8 10 10 9 2 4 1 1 3 
9 4 3 8 6 3 5 3 1 3 1 4 
1 3 5 8 5 10 8 1 4 3 5 5 
