P=? [ F "success" ]	R=? [ F "done" ]
1.0	39.1734
0.9999	39.1723
0.9891	39.0478
0.99	39.0523
0.989	39.0458
0.99	39.0523
1.0	39.1734
0.9603	38.9109
0.9988	39.1657
0.9603	38.9109
0.9991	39.1679
0.9899	39.0513
0.9999	39.1723
0.9997	39.171
0.9602	38.8901
0.9899	39.0513
0.9999	39.1723
0.9783	38.9355
0.9891	39.0478
0.9497	38.7856
0.9998	39.1715
0.99	39.0523
1.0	39.1734
0.99	39.0523
0.999	39.1677
0.9989	39.1668
0.99	39.0523
0.9899	39.0513
0.9999	39.1723
0.9801	38.9419
0.9999	39.1723
1.0	39.1734
0.9603	38.9109
0.99	39.0523
0.998	39.1649
0.9997	39.171
0.9997	39.171
0.9998	39.1715
0.989	39.0458
