r2_maxRetry_t2l2	r2_maxRetry_t2l3	r2_maxRetry_t3l9b	r2_maxRetry_t3l9a	r2_maxRetry_t2l8	r2_maxRetry_t3l8	worker1_maxRetry_t3l4	worker1_maxRetry_t1l4	worker1_maxRetry_t1l5	worker1_maxRetry_t1l8	worker2_maxRetry_t1l1	worker2_maxRetry_t1l3

10 3 3 6 7 8 3 5 5 1 4 3 
7 4 3 4 9 7 2 5 4 3 2 5 
1 5 4 2 5 3 4 5 1 3 4 4 
1 6 7 4 6 3 3 3 1 3 2 1 
1 5 2 4 10 8 2 4 5 1 4 1 
1 7 9 9 3 10 3 4 2 4 5 2 
10 4 3 8 3 6 4 5 1 2 2 3 
7 6 5 1 10 7 1 1 2 5 3 5 
2 2 6 2 3 5 2 1 3 1 4 1 
7 7 9 1 3 8 1 4 1 5 5 3 
3 10 2 3 8 9 5 1 5 3 1 3 
1 9 9 7 7 8 2 2 5 2 4 3 
8 5 3 9 7 9 2 1 5 3 1 1 
2 3 10 10 2 9 2 3 4 3 2 3 
3 1 1 5 6 6 2 4 2 3 2 4 
1 5 9 10 3 9 2 2 2 1 1 3 
9 6 3 9 7 9 2 1 5 3 1 1 
1 5 4 2 5 2 1 1 5 3 4 4 
1 5 4 2 5 3 4 5 1 3 4 2 
1 6 2 1 2 4 1 2 1 2 5 2 
9 2 5 9 9 7 2 5 4 4 2 5 
1 3 4 8 8 5 4 2 4 2 1 4 
9 4 3 8 3 6 4 5 1 2 2 4 
1 7 9 9 3 10 3 4 2 4 5 4 
5 3 3 2 9 5 2 1 3 1 4 1 
2 2 6 2 3 6 3 2 5 2 3 1 
1 6 7 4 6 3 3 3 1 3 2 1 
1 9 9 7 7 8 2 2 5 2 4 5 
10 4 3 8 3 7 2 1 1 5 3 2 
1 7 9 9 3 10 1 1 2 5 3 5 
8 5 3 9 7 9 2 1 5 1 5 1 
7 8 3 4 4 10 3 5 2 3 2 2 
7 7 9 1 3 8 1 4 1 5 5 3 
1 6 7 4 6 3 3 3 1 3 2 5 
8 5 2 8 2 2 2 2 2 5 4 5 
2 3 10 10 2 9 2 3 4 3 2 3 
2 3 10 10 2 9 2 3 4 3 2 3 
8 2 6 6 5 9 2 1 2 3 4 5 
1 5 2 4 10 8 2 4 5 1 5 1 
