P=? [ F "success" ]	R=? [ F "done" ]
-0.0	0.0
0.9801	18.9526
0.9402	18.5663
-0.0	0.0
-0.0	0.0
0.97	18.7891
-0.0	0.0
0.9699	18.7879
-0.0	0.0
-0.0	0.0
-0.0	0.0
-0.0	0.0
-0.0	0.0
1.0	19.1841
0.9988	19.1706
-0.0	0.0
-0.0	0.0
-0.0	0.0
-0.0	0.0
-0.0	0.0
-0.0	0.0
0.9593	18.6833
-0.0	0.0
0.9898	19.0612
-0.0	0.0
-0.0	0.0
-0.0	0.0
-0.0	0.0
-0.0	0.0
0.9683	18.7802
-0.0	0.0
0.97	18.7891
-0.0	0.0
0.97	18.7891
0.9991	19.177
-0.0	0.0
0.9891	19.0609
-0.0	0.0
-0.0	0.0
0.9991	19.177
-0.0	0.0
-0.0	0.0
-0.0	0.0
0.9889	19.0552
0.97	18.7891
-0.0	0.0
0.9999	19.1829
0.9998	19.1818
0.99	19.0627
-0.0	0.0
-0.0	0.0
0.9801	18.9526
-0.0	0.0
-0.0	0.0
-0.0	0.0
0.9991	19.177
-0.0	0.0
0.97	18.7891
1.0	19.1841
0.999	19.1766
0.9991	19.177
0.98	18.9518
0.9601	18.7285
