P=? [ F "success" ]	R=? [ F "done" ]
0.9506	43.9998
0.9999	44.3039
0.9999	44.3039
0.9996	44.303
0.9898	44.2029
0.98	44.1526
0.9998	44.3036
0.9699	44.1515
1.0	44.3049
0.9603	44.1513
0.9999	44.3039
0.999	44.2993
0.9703	44.1524
0.989	44.1988
1.0	44.3049
0.9899	44.2034
0.9999	44.3039
0.9601	44.1215
1.0	44.3049
0.9899	44.2034
0.97	44.1518
0.9991	44.3003
0.9899	44.2034
0.9999	44.3039
0.9899	44.2034
0.9699	44.1515
0.99	44.2539
0.9603	44.1513
0.9898	44.2029
0.9703	44.1524
0.9703	44.1524
0.9899	44.2034
0.9996	44.303
0.9703	44.1524
0.9999	44.3039
0.9411	43.97
0.9988	44.2988
0.9506	43.9998
0.9899	44.2034
0.9996	44.303
