P=? [ F "success" ]	R=? [ F "done" ]
0.9898	35.0618
0.9991	35.1482
0.9891	35.0577
0.9801	35.0317
0.9801	35.0317
0.99	35.0621
0.9899	35.0619
0.9999	35.1517
0.9991	35.1482
0.9603	34.9098
1.0	35.1526
1.0	35.1526
0.99	35.0621
0.9899	35.0619
0.9999	35.1517
0.9507	34.8997
0.9801	35.0317
1.0	35.1526
0.9991	35.1482
1.0	35.1526
0.9991	35.1482
0.99	35.0621
0.99	35.0621
1.0	35.1526
0.9899	35.0619
1.0	35.1526
0.9999	35.1517
0.9801	35.0317
0.9698	34.9994
0.97	35.0003
0.9603	34.9098
0.97	35.0003
0.9898	35.0618
0.99	35.0621
