r1_maxRetry_t2l2	r1_maxRetry_t2l3	r2_maxRetry_t3l1	r2_maxRetry_t2l4	r2_maxRetry_t2l7	r2_maxRetry_t3l7	worker1_maxRetry_t1l2b	worker1_maxRetry_t1l2a	worker1_maxRetry_t1l5	worker1_maxRetry_t3l5	worker1_maxRetry_t1l6	worker1_maxRetry_t1l8

2 7 10 2 8 3 4 5 4 1 4 5 
9 4 2 5 10 10 3 1 4 5 1 1 
6 9 2 9 3 9 1 4 2 1 5 2 
3 4 10 1 3 9 2 4 1 1 4 1 
10 7 10 1 8 6 4 2 3 1 1 4 
7 3 3 8 6 8 4 2 2 1 5 2 
5 6 4 2 7 9 3 4 2 1 4 3 
4 8 3 3 10 6 3 5 1 2 1 3 
7 4 2 6 4 10 3 1 1 5 3 3 
5 3 1 6 4 4 5 4 2 1 5 3 
9 3 3 5 7 4 2 2 5 3 1 2 
4 5 3 4 6 7 2 5 2 4 4 2 
8 10 3 9 5 9 5 3 2 1 4 3 
5 6 4 2 7 9 3 4 2 1 4 3 
4 8 3 3 10 6 3 5 1 2 1 3 
8 3 1 3 1 8 4 2 2 1 4 3 
7 5 9 1 8 5 3 4 4 1 4 3 
9 3 3 5 7 4 2 2 5 3 1 4 
7 4 2 6 4 10 3 1 1 5 2 2 
9 9 3 5 4 8 1 1 1 5 4 3 
6 9 2 9 10 3 2 4 4 5 5 4 
4 5 3 4 6 6 2 2 4 1 3 5 
8 3 3 8 6 8 4 2 2 1 5 2 
8 10 3 7 4 6 4 2 5 5 3 2 
2 10 3 9 5 9 5 3 2 1 4 3 
4 5 3 4 6 7 2 5 2 4 4 2 
4 8 3 3 10 6 3 5 1 2 1 4 
10 7 10 1 8 6 4 2 3 1 1 3 
3 2 1 6 6 4 5 3 2 2 3 4 
5 3 1 10 6 7 4 3 4 5 1 2 
5 3 1 6 10 4 2 3 4 1 4 3 
5 3 1 6 5 10 2 4 2 5 5 1 
2 7 10 2 8 3 4 5 4 1 1 1 
7 3 3 8 6 8 4 2 2 1 5 2 
