P=? [ F "success" ]	R=? [ F "done" ]
0.999	28.1496
0.9603	28.0215
1.0	28.1528
1.0	28.1528
1.0	28.1528
1.0	28.1528
1.0	28.1528
1.0	28.1528
1.0	28.1528
0.99	28.1121
1.0	28.1528
0.97	28.0612
0.97	28.0612
1.0	28.1528
1.0	28.1528
1.0	28.1528
1.0	28.1528
1.0	28.1528
1.0	28.1528
1.0	28.1528
1.0	28.1528
0.9899	28.112
0.97	28.0612
1.0	28.1528
0.9999	28.1523
1.0	28.1528
0.999	28.1496
1.0	28.1528
0.9699	28.0608
1.0	28.1528
0.9999	28.1523
0.9899	28.112
1.0	28.1528
1.0	28.1528
1.0	28.1528
0.97	28.0612
0.999	28.1496
0.9899	28.112
1.0	28.1528
1.0	28.1528
1.0	28.1528
1.0	28.1528
1.0	28.1528
0.97	28.0612
1.0	28.1528
0.9899	28.112
0.9999	28.1523
1.0	28.1528
0.9999	28.1523
