P=? [ F "success" ]	R=? [ F "done" ]
0.9991	34.1601
0.9981	34.1592
0.97	34.0704
-0.0	0.0
0.99	34.1424
0.9991	34.1601
0.969	34.0694
0.9999	34.1626
0.9898	34.1421
0.9699	34.0703
0.9412	34.0398
0.9506	34.0597
1.0	34.1628
1.0	34.1628
0.99	34.1424
0.989	34.1398
0.9989	34.1599
0.97	34.0704
0.9699	34.0703
0.989	34.1398
0.9987	34.1597
0.9991	34.1601
-0.0	0.0
0.9991	34.1601
0.9991	34.1601
0.969	34.0694
0.9899	34.1423
0.9991	34.1601
0.98	34.122
0.989	34.1398
0.9981	34.1592
0.9981	34.1592
0.9699	34.0703
0.9999	34.1626
