P=? [ F "success" ]	R=? [ F "done" ]
0.9606	34.9703
-0.0	0.0
-0.0	0.0
-0.0	0.0
-0.0	0.0
1.0	35.1925
0.99	35.1015
-0.0	0.0
0.9997	35.1907
-0.0	0.0
0.97	35.0104
0.9801	35.0206
-0.0	0.0
0.9999	35.1916
0.99	35.1015
-0.0	0.0
1.0	35.1925
1.0	35.1925
0.9603	34.9314
0.98	35.0204
0.9899	35.1011
1.0	35.1925
-0.0	0.0
-0.0	0.0
-0.0	0.0
0.9998	35.1908
-0.0	0.0
1.0	35.1925
1.0	35.1925
0.99	35.1015
0.9999	35.1916
0.9999	35.1916
1.0	35.1925
-0.0	0.0
-0.0	0.0
-0.0	0.0
0.97	35.0104
1.0	35.1925
0.97	35.0104
1.0	35.1925
0.999	35.1867
0.99	35.1015
0.97	35.0104
1.0	35.1925
0.99	35.1015
0.99	35.1015
0.9898	35.1008
1.0	35.1925
0.99	35.1015
0.99	35.1015
0.9603	34.9314
0.9999	35.1916
-0.0	0.0
