P=? [ F "success" ]	R=? [ F "done" ]
0.9891	41.1725
0.9999	41.2636
0.9989	41.2589
0.9999	41.2636
0.9998	41.2628
0.9801	41.0928
0.9899	41.1727
0.9998	41.2628
0.9991	41.2599
0.9602	41.0204
0.9999	41.2636
0.9999	41.2636
0.9792	41.0884
0.9998	41.2628
1.0	41.2644
0.9999	41.2636
0.99	41.1735
0.9998	41.2628
0.9998	41.2628
0.9998	41.2628
0.9999	41.2636
0.99	41.1735
0.9603	41.0309
1.0	41.2644
0.9222	40.909
0.9801	41.0928
0.9989	41.2589
0.99	41.1735
0.9602	41.0204
0.9891	41.1725
0.9507	40.9399
0.9899	41.1727
