P=? [ F "success" ]	R=? [ F "done" ]
1.0	30.1515
1.0	30.1515
1.0	30.1515
1.0	30.1515
1.0	30.1515
0.9999	30.151
0.9999	30.151
1.0	30.1515
0.99	30.1005
0.99	30.1005
0.99	30.1005
1.0	30.1515
1.0	30.1515
0.99	30.1005
1.0	30.1515
1.0	30.1515
1.0	30.1515
0.9997	30.1506
0.9999	30.151
0.99	30.1005
0.9801	30.05
1.0	30.1515
1.0	30.1515
0.9998	30.1508
1.0	30.1515
0.98	30.0497
0.9999	30.151
1.0	30.1515
1.0	30.1515
0.9999	30.151
1.0	30.1515
0.9999	30.151
0.99	30.1005
1.0	30.1515
1.0	30.1515
0.99	30.1005
1.0	30.1515
1.0	30.1515
0.9999	30.151
0.9999	30.151
1.0	30.1515
0.99	30.1005
1.0	30.1515
1.0	30.1515
0.9998	30.1508
1.0	30.1515
0.99	30.1005
1.0	30.1515
1.0	30.1515
1.0	30.1515
0.99	30.1005
0.99	30.1005
0.9703	30.0399
1.0	30.1515
1.0	30.1515
0.9999	30.151
1.0	30.1515
0.9899	30.1003
0.9899	30.1003
0.9999	30.151
1.0	30.1515
1.0	30.1515
1.0	30.1515
1.0	30.1515
0.98	30.0497
