r2_maxRetry_t2l4b	r2_maxRetry_t2l4a	r2_maxRetry_t2l5a	r2_maxRetry_t2l5c	r2_maxRetry_t2l5b	r2_maxRetry_t2l8	r2_maxRetry_t3l9	r2_maxRetry_t2l9	worker1_maxRetry_t3l3	worker2_maxRetry_t1l7	worker2_maxRetry_t1l8

4 8 4 4 7 10 10 6 3 5 2 
7 9 3 3 10 5 6 7 3 4 3 
5 4 4 5 9 6 5 7 5 1 3 
1 4 1 7 4 5 7 7 2 4 2 
6 10 3 8 5 5 3 8 5 3 2 
2 2 6 9 8 2 10 10 4 1 1 
5 3 3 8 8 5 7 8 4 5 5 
4 10 10 3 5 9 10 7 3 5 1 
9 10 5 9 5 4 4 8 5 2 1 
9 5 8 4 4 8 10 9 4 5 3 
6 6 5 4 5 4 5 10 4 5 2 
4 5 3 10 7 5 7 9 3 4 5 
7 7 10 10 3 5 7 3 5 4 4 
3 6 6 7 6 10 7 9 5 4 4 
2 2 4 9 7 2 7 4 3 3 1 
2 3 7 6 5 4 10 6 5 1 5 
1 10 6 4 1 6 3 10 4 2 2 
1 9 8 9 6 5 5 6 3 4 4 
7 7 9 6 10 5 3 3 4 4 5 
10 4 9 3 6 3 3 7 4 4 4 
1 9 8 4 10 3 5 3 5 2 2 
1 9 8 2 9 4 5 4 5 4 1 
4 8 4 4 7 10 10 6 3 2 1 
9 3 3 8 5 5 3 8 5 3 2 
7 9 3 3 10 5 6 7 3 4 5 
1 4 1 7 4 5 7 7 2 4 2 
9 5 8 4 4 8 10 9 4 1 4 
2 6 2 4 10 4 3 4 5 3 5 
10 3 8 3 10 5 6 7 3 4 3 
8 7 9 6 10 5 3 3 4 4 5 
4 6 4 4 5 4 5 10 4 5 2 
7 7 10 10 3 5 7 3 5 4 2 
7 7 9 6 10 5 3 3 4 4 5 
2 6 5 4 5 4 5 10 4 5 2 
6 3 7 6 5 4 10 6 5 1 5 
3 6 6 7 6 10 7 9 5 4 4 
4 10 10 3 5 9 10 7 3 5 1 
5 3 3 8 8 5 7 8 4 5 5 
3 6 6 7 6 10 7 9 5 1 5 
2 3 7 6 5 4 10 6 5 4 1 
