P=? [ F "success" ]	R=? [ F "done" ]
1.0	28.1521
1.0	28.1521
1.0	28.1521
0.98	27.981
1.0	28.1521
0.9997	28.1499
1.0	28.1521
-0.0	0.0
-0.0	0.0
-0.0	0.0
1.0	28.1521
1.0	28.1521
1.0	28.1521
-0.0	0.0
0.9997	28.1499
0.9999	28.1511
0.9801	28.001
0.99	28.0511
1.0	28.1521
1.0	28.1521
0.99	28.0511
0.9899	28.0505
1.0	28.1521
1.0	28.1521
1.0	28.1521
0.98	27.981
-0.0	0.0
0.9998	28.1504
1.0	28.1521
1.0	28.1521
1.0	28.1521
1.0	28.1521
1.0	28.1521
0.9999	28.1511
1.0	28.1521
-0.0	0.0
-0.0	0.0
1.0	28.1521
-0.0	0.0
0.9999	28.1511
