P=? [ F "success" ]	R=? [ F "done" ]
0.99	36.0716
0.9991	36.1494
0.9999	36.1513
0.9891	36.0689
0.999	36.1486
0.9999	36.1513
0.9999	36.1513
0.9999	36.1513
0.9602	35.9804
0.9699	36.0601
1.0	36.152
0.99	36.0716
0.9991	36.1494
0.9999	36.1513
0.9602	35.9804
0.999	36.1486
0.9999	36.1513
0.99	36.0716
0.99	36.0716
0.9999	36.1513
0.9792	36.0684
0.9602	35.9804
0.9999	36.1513
0.99	36.0716
0.9602	35.9804
0.9507	35.9803
0.9891	36.0689
0.99	36.0716
0.9991	36.1494
0.9999	36.1513
0.9699	36.0601
0.99	36.0716
0.9991	36.1494
0.9699	36.0601
0.9891	36.0689
0.99	36.0716
0.9991	36.1494
0.9999	36.1513
0.9991	36.1494
0.9999	36.1513
0.97	36.0609
0.999	36.1486
0.97	36.0609
0.99	36.0716
0.9999	36.1513
0.9699	36.0601
0.9999	36.1513
0.9999	36.1513
