P=? [ F "success" ]	R=? [ F "done" ]
0.99	36.2346
-0.0	0.0
-0.0	0.0
0.97	36.1127
0.9982	36.2604
-0.0	0.0
0.969	36.1099
-0.0	0.0
0.9479	36.0092
0.9991	36.2605
-0.0	0.0
-0.0	0.0
0.9506	36.1013
-0.0	0.0
-0.0	0.0
-0.0	0.0
-0.0	0.0
-0.0	0.0
0.9998	36.2649
-0.0	0.0
-0.0	0.0
0.9899	36.194
1.0	36.265
-0.0	0.0
0.9801	36.1937
-0.0	0.0
-0.0	0.0
-0.0	0.0
-0.0	0.0
0.9497	36.0897
-0.0	0.0
0.9699	36.1123
0.9899	36.194
-0.0	0.0
-0.0	0.0
0.9603	36.102
-0.0	0.0
-0.0	0.0
-0.0	0.0
-0.0	0.0
-0.0	0.0
-0.0	0.0
-0.0	0.0
-0.0	0.0
-0.0	0.0
-0.0	0.0
0.97	36.1127
-0.0	0.0
0.9991	36.2605
0.9991	36.2605
-0.0	0.0
0.9497	36.0897
0.9998	36.2649
-0.0	0.0
0.9799	36.1836
0.9699	36.1123
-0.0	0.0
-0.0	0.0
0.9699	36.1123
0.9899	36.194
-0.0	0.0
0.9997	36.2641
0.98	36.1935
-0.0	0.0
-0.0	0.0
-0.0	0.0
-0.0	0.0
-0.0	0.0
-0.0	0.0
0.9899	36.194
0.9699	36.1123
-0.0	0.0
