worker1_maxRetry_t1l4	worker1_maxRetry_t1l7	worker1_maxRetry_t3l8	worker2_maxRetry_t1l2	worker2_maxRetry_t3l2	worker2_maxRetry_t1l5	worker2_maxRetry_t1l6	r1_maxRetry_t2l1	r2_maxRetry_t3l1	r2_maxRetry_t2l7

5 4 5 3 1 3 3 5 7 10 
3 2 3 2 3 4 2 5 2 4 
4 2 4 3 2 3 1 8 4 4 
4 1 3 2 1 5 3 10 2 5 
1 4 5 4 2 3 1 4 2 10 
5 4 5 5 2 5 1 10 6 4 
4 1 3 1 2 5 1 10 6 4 
1 2 5 1 2 5 3 6 7 9 
1 1 4 3 1 3 1 8 1 2 
3 5 5 1 2 3 3 5 1 10 
1 5 4 4 3 5 5 4 3 7 
1 1 4 5 1 2 5 8 8 7 
4 2 5 3 3 2 4 10 2 8 
5 5 5 5 2 4 4 5 5 4 
4 5 2 5 1 5 5 7 1 8 
3 4 4 5 2 1 5 7 2 5 
4 1 4 5 2 2 4 4 8 4 
3 1 3 3 1 2 5 6 8 9 
2 1 5 1 1 3 2 3 3 10 
1 5 5 4 2 4 5 5 9 3 
5 4 1 4 1 2 3 9 2 6 
1 1 4 3 1 3 1 8 1 2 
4 2 5 5 2 5 1 10 6 4 
1 1 4 3 1 3 1 8 4 5 
1 1 4 3 1 3 1 8 1 2 
2 5 3 1 1 5 4 1 1 5 
4 1 3 2 1 5 3 10 2 8 
4 1 3 2 1 5 3 10 3 8 
4 5 5 2 5 5 3 5 2 5 
1 5 5 4 2 4 5 5 9 3 
3 5 5 1 2 3 3 5 1 10 
3 3 4 5 1 2 5 8 8 7 
5 5 4 5 3 4 2 5 2 4 
3 5 5 1 2 3 3 5 1 10 
4 1 3 2 1 5 3 10 2 5 
4 4 5 3 1 3 3 5 7 10 
5 2 5 3 3 2 4 10 2 8 
1 2 5 1 2 5 3 6 7 9 
1 1 3 2 3 4 2 5 2 4 
5 5 5 5 2 4 4 5 5 6 
3 4 4 2 5 5 2 10 1 5 
3 4 4 5 2 1 5 7 2 5 
2 5 5 5 5 5 5 7 1 8 
3 3 3 3 1 2 4 8 4 6 
1 2 5 1 2 5 3 6 5 8 
5 5 3 1 2 3 3 5 1 10 
3 5 5 1 2 1 4 10 3 8 
5 5 5 5 2 4 4 3 4 5 
