worker2_maxRetry_t3l7	worker2_maxRetry_t1l7	worker2_maxRetry_t1l8a	worker2_maxRetry_t3l8	worker2_maxRetry_t1l8b	worker2_maxRetry_t1l9	r1_maxRetry_t2l4	r2_maxRetry_t3l1	r2_maxRetry_t2l2	worker1_maxRetry_t1l1	worker1_maxRetry_t1l2a	worker1_maxRetry_t1l2b	worker1_maxRetry_t3l5

1 4 1 3 2 2 10 10 8 5 3 1 4 
1 5 1 3 1 2 5 8 4 4 2 1 5 
4 5 1 5 4 3 5 5 6 2 1 1 5 
4 3 5 4 5 4 6 10 7 2 1 3 3 
1 5 5 1 1 4 3 6 10 1 4 1 4 
1 4 3 2 5 2 7 4 9 3 4 2 5 
4 3 3 4 1 3 9 3 8 2 2 1 3 
2 2 3 5 3 4 8 7 8 5 2 2 4 
1 4 5 4 4 2 5 10 6 4 2 2 5 
1 5 1 2 3 3 10 6 8 2 4 3 3 
1 2 3 1 3 3 9 1 4 5 3 3 3 
3 2 1 4 3 4 7 9 3 3 4 3 3 
2 2 2 3 1 5 6 3 9 3 5 4 4 
1 2 5 4 5 1 4 5 6 1 1 2 3 
5 2 2 5 5 1 4 9 7 1 5 4 5 
2 2 3 5 3 4 4 7 10 3 3 5 3 
4 4 3 5 3 5 5 7 6 2 3 2 3 
5 3 2 3 1 2 4 8 4 4 3 2 5 
3 2 4 4 1 2 6 7 6 2 3 2 4 
4 1 3 5 3 2 8 8 6 4 5 1 5 
3 5 3 3 3 5 6 6 8 3 1 2 3 
2 3 1 2 1 1 5 10 5 2 5 5 5 
4 4 4 3 5 2 6 6 6 5 3 4 3 
1 5 4 1 3 2 5 2 8 4 1 2 5 
3 5 4 4 5 5 5 6 8 5 3 5 3 
3 4 1 5 1 3 9 3 8 2 2 1 3 
1 4 5 4 4 2 5 10 6 4 3 2 4 
3 2 4 4 1 2 6 7 6 2 2 2 5 
1 2 5 4 5 1 4 5 6 1 1 2 3 
1 2 3 1 3 3 9 1 4 5 3 3 3 
2 2 4 3 5 2 6 6 6 5 3 4 3 
4 4 2 3 1 5 6 3 9 3 5 4 4 
1 3 5 3 5 4 7 3 10 5 3 2 4 
5 5 3 3 3 5 6 6 8 3 1 4 3 
3 2 1 4 3 4 7 9 3 3 4 3 3 
1 5 5 1 1 4 3 6 10 1 4 1 4 
1 5 1 3 4 2 5 10 6 4 2 2 5 
1 4 5 4 1 2 5 8 4 4 2 1 5 
2 3 4 3 1 1 9 4 9 3 5 4 4 
3 2 1 4 3 4 7 9 3 3 4 1 4 
3 5 4 4 3 4 7 9 3 3 4 3 3 
3 2 1 4 5 5 5 6 8 5 3 5 3 
4 4 3 5 3 5 5 7 6 2 3 2 4 
1 2 3 1 3 3 9 1 4 5 3 5 3 
1 3 2 1 2 5 4 1 7 4 2 4 4 
2 2 3 4 3 1 7 6 6 4 5 4 5 
3 5 3 3 3 5 6 6 8 3 1 2 4 
3 5 3 3 3 5 6 6 8 3 1 2 3 
1 2 1 5 5 4 5 2 3 1 3 5 3 
1 5 1 5 3 3 10 6 8 2 4 3 3 
1 5 2 2 5 4 4 7 10 3 3 5 3 
4 1 4 4 5 1 4 5 6 1 1 2 3 
1 2 5 1 1 2 6 3 10 5 2 1 4 
4 4 4 3 5 2 6 6 6 5 3 4 3 
1 2 3 1 3 3 9 1 4 5 3 3 3 
