P=? [ F "success" ]	R=? [ F "done" ]
0.9989	36.249
0.9991	36.2495
-0.0	0.0
-0.0	0.0
-0.0	0.0
0.9801	36.1229
-0.0	0.0
0.99	36.164
0.9698	36.0697
0.9898	36.1632
-0.0	0.0
-0.0	0.0
-0.0	0.0
0.9601	35.9799
0.9998	36.2537
0.9506	35.9398
0.9791	36.1206
0.9699	36.07
-0.0	0.0
-0.0	0.0
-0.0	0.0
-0.0	0.0
-0.0	0.0
0.98	36.1226
0.9603	35.98
-0.0	0.0
0.9998	36.2537
0.9498	35.9375
-0.0	0.0
0.98	36.1226
0.9394	35.9273
0.9506	35.9398
0.99	36.164
0.9498	35.9375
-0.0	0.0
-0.0	0.0
-0.0	0.0
-0.0	0.0
0.9791	36.1206
-0.0	0.0
0.9999	36.2539
0.99	36.164
-0.0	0.0
-0.0	0.0
0.9601	35.9799
0.98	36.1226
0.9506	35.9398
0.9898	36.1632
1.0	36.2548
-0.0	0.0
0.9791	36.1206
0.9989	36.249
0.9989	36.249
0.9981	36.2481
0.9998	36.2537
-0.0	0.0
0.9506	35.9398
0.99	36.164
