P=? [ F "success" ]	R=? [ F "done" ]
0.9801	44.7617
0.9999	45.2503
1.0	45.2531
1.0	45.2531
0.9605	44.672
0.9989	45.2473
0.9997	45.2482
0.9998	45.2501
0.9997	45.2482
0.9899	44.9702
1.0	45.2531
0.9703	44.7612
1.0	45.2531
1.0	45.2531
0.9999	45.2503
0.99	45.0416
0.9999	45.2503
1.0	45.2531
1.0	45.2531
0.9801	44.7617
0.9999	45.2503
0.9999	45.2503
0.99	45.0416
0.9998	45.2501
0.9999	45.2503
1.0	45.2531
0.9702	44.6725
1.0	45.2531
0.9999	45.2503
0.9801	44.7617
1.0	45.2531
0.9999	45.2503
0.9898	44.9681
0.9703	44.7612
0.9999	45.2503
