P=? [ F "success" ]	R=? [ F "done" ]
1.0	49.1616
1.0	49.1616
0.98	48.8476
1.0	49.1616
0.99	48.8801
1.0	49.1616
0.9998	49.1565
0.9998	49.1565
0.99	48.8801
0.9899	48.8778
0.99	48.8801
1.0	49.1616
1.0	49.1616
0.9998	49.1565
1.0	49.1616
0.9703	48.6215
0.9999	49.1588
0.99	48.8801
1.0	49.1616
0.9999	49.1588
1.0	49.1616
0.9999	49.1588
1.0	49.1616
1.0	49.1616
0.99	48.8801
0.9899	48.8778
0.9801	48.8499
0.9899	48.8778
1.0	49.1616
0.9999	49.1588
0.99	48.8801
0.9899	48.8778
0.99	48.8801
0.99	48.8801
1.0	49.1616
0.99	48.8801
0.99	48.8801
0.99	48.8801
1.0	49.1616
1.0	49.1616
0.9999	49.1588
1.0	49.1616
1.0	49.1616
0.99	48.8801
1.0	49.1616
0.9898	48.8775
0.99	48.8801
0.9999	49.1588
0.99	48.8801
1.0	49.1616
0.9899	48.8778
0.98	48.8476
1.0	49.1616
1.0	49.1616
0.99	48.8801
1.0	49.1616
0.9999	49.1588
0.9899	48.8778
0.99	48.8801
1.0	49.1616
0.9999	49.1588
0.9899	48.8778
1.0	49.1616
1.0	49.1616
1.0	49.1616
0.9999	49.1588
1.0	49.1616
0.99	48.8801
0.98	48.8476
1.0	49.1616
