r2_maxRetry_t2l2b	r2_maxRetry_t2l2a	r2_maxRetry_t3l2	r2_maxRetry_t2l5a	r2_maxRetry_t2l5b	r2_maxRetry_t2l6	worker1_maxRetry_t1l1a	worker1_maxRetry_t1l1b	worker1_maxRetry_t1l4	worker1_maxRetry_t3l7	worker1_maxRetry_t1l7	worker2_maxRetry_t1l6

3 6 2 7 10 8 5 3 2 5 4 1 
8 3 1 9 4 3 5 4 3 2 1 4 
2 2 2 6 7 6 4 3 1 4 3 3 
2 6 4 2 4 8 2 4 4 4 2 2 
10 9 3 8 5 9 2 1 3 4 2 1 
5 1 5 1 8 3 2 5 1 4 2 5 
9 10 1 7 5 8 3 3 3 5 5 2 
1 2 2 10 5 6 2 4 2 3 2 2 
3 8 1 8 9 4 2 1 4 4 1 4 
10 1 1 9 5 9 3 4 5 1 3 4 
1 7 6 10 7 2 1 5 2 2 5 5 
7 1 1 8 4 4 4 2 1 3 5 5 
7 8 3 4 4 8 3 2 5 4 2 3 
1 7 8 8 7 7 1 4 4 5 1 5 
5 7 2 10 7 9 4 2 4 4 3 4 
9 6 2 3 2 9 4 3 3 4 2 3 
8 10 1 8 5 8 5 4 1 4 5 1 
8 4 2 7 3 4 1 3 4 5 4 2 
8 1 1 5 2 10 1 3 4 4 3 1 
1 5 2 8 8 3 4 2 4 3 5 2 
4 2 3 8 4 10 2 2 1 5 1 5 
9 10 1 7 5 8 3 4 5 5 1 1 
1 7 6 10 7 2 1 5 4 4 2 4 
9 10 1 7 5 8 3 5 4 5 4 3 
8 1 1 5 2 10 1 3 4 4 3 1 
8 4 2 7 3 4 1 3 4 5 2 3 
1 2 2 10 5 6 2 4 2 1 5 4 
2 7 5 9 3 9 2 5 2 5 2 1 
10 9 3 8 5 9 2 1 3 4 2 4 
3 8 1 8 9 4 2 1 4 4 1 1 
1 2 2 10 5 6 2 1 1 4 4 5 
7 8 3 4 4 8 3 2 1 4 5 4 
10 7 3 6 6 7 5 3 1 5 3 3 
3 6 2 7 10 8 5 3 2 5 4 1 
10 8 3 4 4 8 3 2 5 4 2 3 
7 1 1 8 4 4 4 2 1 3 5 5 
2 7 5 9 3 9 3 1 1 5 4 1 
1 5 2 8 1 6 4 4 1 4 4 5 
8 10 1 8 5 10 3 2 4 5 1 1 
1 5 2 8 8 3 4 2 4 3 5 3 
