P=? [ F "success" ]	R=? [ F "done" ]
0.99	47.0116
0.99	47.0116
1.0	47.2026
1.0	47.2026
0.9801	46.9418
0.9899	47.0109
1.0	47.2026
0.9999	47.2007
0.99	47.0116
0.9899	47.0109
0.9507	46.8806
1.0	47.2026
0.9999	47.2007
0.99	47.0116
1.0	47.2026
0.9999	47.2007
1.0	47.2026
1.0	47.2026
1.0	47.2026
1.0	47.2026
1.0	47.2026
0.9998	47.2
1.0	47.2026
0.9792	46.94
1.0	47.2026
1.0	47.2026
0.99	47.0116
1.0	47.2026
0.99	47.0116
0.9507	46.8806
0.9999	47.2007
1.0	47.2026
0.99	47.0116
1.0	47.2026
1.0	47.2026
0.9801	46.9418
0.99	47.0116
0.99	47.0116
0.9999	47.2007
1.0	47.2026
1.0	47.2026
1.0	47.2026
1.0	47.2026
0.9507	46.8806
0.9507	46.8806
0.9999	47.2007
1.0	47.2026
1.0	47.2026
0.9891	47.0098
0.99	47.0116
0.9899	47.0109
1.0	47.2026
0.9801	46.9418
1.0	47.2026
0.9507	46.8806
