r2_maxRetry_t2l4	r2_maxRetry_t2l9	worker1_maxRetry_t3l1b	worker1_maxRetry_t3l1d	worker1_maxRetry_t1l1	worker1_maxRetry_t3l1c	worker2_maxRetry_t1l2a	worker2_maxRetry_t1l2b	worker2_maxRetry_t1l3	worker2_maxRetry_t1l5	r1_maxRetry_t3l1a

7 10 5 4 2 4 2 4 5 1 3 
6 1 1 1 2 3 4 2 4 2 6 
5 8 1 4 2 3 2 5 5 4 3 
5 3 1 2 2 3 4 3 3 2 8 
10 7 1 4 4 5 1 1 2 4 4 
10 4 4 4 5 3 2 3 1 3 7 
3 7 2 5 3 4 4 4 4 4 9 
10 10 5 5 3 4 4 5 1 1 10 
9 3 3 3 5 5 4 3 4 1 9 
9 10 1 4 2 3 4 4 1 4 3 
8 7 3 4 4 5 2 2 3 2 7 
8 7 2 2 3 5 2 3 1 2 9 
3 3 2 2 5 3 1 1 5 5 9 
8 10 5 4 2 3 4 5 1 5 8 
10 5 3 3 2 5 2 1 1 3 3 
8 10 5 3 3 5 5 5 3 1 3 
3 9 1 1 3 5 1 1 3 4 3 
4 7 2 4 4 4 2 4 5 2 9 
10 10 2 5 1 4 2 3 2 1 4 
10 5 3 3 2 5 3 3 1 2 6 
9 10 1 4 2 3 4 4 1 4 3 
7 10 5 4 2 4 2 4 5 2 8 
3 7 2 5 3 4 4 4 4 4 9 
7 6 1 4 1 4 3 4 4 1 3 
3 4 4 4 5 3 2 3 1 3 7 
4 10 2 4 2 3 4 5 1 5 8 
8 7 3 4 4 5 2 2 3 1 4 
10 10 2 5 1 4 2 3 2 2 7 
10 4 4 4 5 3 3 2 2 2 10 
10 5 3 3 2 5 2 5 2 1 6 
3 7 2 5 3 4 4 4 4 4 9 
3 3 2 2 5 3 1 1 4 3 8 
10 10 2 5 1 4 2 2 3 2 5 
9 3 3 3 5 5 4 3 4 1 9 
3 7 2 5 3 4 4 4 4 4 9 
8 7 3 4 4 5 2 2 3 2 7 
3 3 2 2 5 3 1 1 5 5 9 
8 7 3 4 4 5 2 2 3 2 7 
10 10 5 5 3 4 4 5 3 2 3 
9 3 3 3 5 4 2 3 2 1 4 
10 10 2 5 1 5 4 3 4 1 9 
