P=? [ F "success" ]	R=? [ F "done" ]
0.99	37.0511
0.9999	37.1111
0.99	37.0511
0.97	36.9602
0.9699	36.9596
0.9991	37.1072
0.97	36.9602
0.9603	36.9011
0.97	36.9602
0.9507	36.8817
0.9999	37.1111
1.0	37.1116
0.9991	37.1072
0.9991	37.1072
0.97	36.9602
0.9699	36.9596
0.9898	37.051
0.9999	37.1111
0.97	36.9602
0.97	36.9602
0.9507	36.8817
0.9991	37.1072
0.9999	37.1111
0.9603	36.9011
0.9603	36.9011
1.0	37.1116
0.97	36.9602
0.9999	37.1111
0.9507	36.8817
0.97	36.9602
0.9507	36.8817
0.9603	36.9011
0.9699	36.9596
0.9991	37.1072
0.97	36.9602
0.9999	37.1111
0.9991	37.1072
0.97	36.9602
0.9999	37.1111
0.9991	37.1072
0.9699	36.9596
0.98	37.0509
0.9999	37.1111
0.9999	37.1111
