r2_maxRetry_t3l1	worker1_maxRetry_t1l5	worker1_maxRetry_t3l8	worker1_maxRetry_t3l7	worker2_maxRetry_t1l1	r1_maxRetry_t2l2	r1_maxRetry_t2l3	r1_maxRetry_t3l3	r1_maxRetry_t3l6	r1_maxRetry_t2l5	r1_maxRetry_t2l4

3 3 1 5 4 3 1 7 5 4 4 
2 3 2 4 3 1 3 1 2 8 8 
8 5 2 2 3 6 7 2 3 10 5 
3 2 3 5 2 9 10 5 9 10 6 
3 3 5 3 3 2 8 1 2 2 4 
6 3 4 4 5 1 7 1 5 3 5 
8 1 5 3 5 8 6 2 5 5 5 
3 5 5 5 3 8 2 1 9 9 3 
5 3 2 3 1 6 2 1 3 10 10 
10 3 4 5 4 5 5 10 10 10 7 
6 1 3 5 2 8 10 3 8 3 3 
6 4 2 4 4 9 2 10 4 10 10 
9 4 4 5 5 2 7 6 9 6 10 
4 1 5 3 5 10 10 1 8 9 8 
8 1 4 5 3 8 1 10 3 7 5 
7 5 3 4 1 10 10 8 8 7 9 
8 1 4 4 3 3 6 2 7 6 7 
6 1 2 5 3 1 8 6 2 10 7 
5 4 5 5 2 3 6 1 6 3 6 
7 1 5 3 1 1 7 1 3 1 3 
4 1 5 3 5 10 10 1 8 9 8 
4 1 5 3 5 10 10 1 8 9 8 
3 5 5 5 3 8 2 1 9 9 3 
9 4 4 5 5 2 7 6 4 10 10 
6 4 2 4 4 9 2 10 9 6 10 
4 1 5 3 5 10 10 1 8 9 8 
6 1 2 5 3 1 8 6 2 10 7 
8 4 2 3 3 5 1 6 9 7 9 
6 1 3 5 2 8 10 3 7 6 7 
8 1 4 4 3 3 6 2 8 3 3 
6 1 3 5 2 8 10 3 8 3 3 
1 2 4 4 1 1 4 1 6 1 5 
7 1 5 3 1 1 7 1 3 1 3 
3 4 5 3 5 8 6 2 5 5 5 
