P=? [ F "success" ]	R=? [ F "done" ]
0.9991	35.1265
0.9699	34.9498
0.9989	35.125
0.9998	35.1307
1.0	35.1318
0.9801	35.0213
0.97	34.9501
0.989	35.045
0.97	34.9501
0.9507	34.8507
0.9898	35.0507
0.9603	34.8812
1.0	35.1318
0.99	35.0511
0.9991	35.1265
0.999	35.1262
0.97	34.9501
0.9991	35.1265
0.9602	34.8809
0.9891	35.0457
0.9999	35.1311
0.97	34.9501
0.9899	35.051
0.97	34.9501
0.9602	34.8809
0.9991	35.1265
0.9791	35.0145
0.9999	35.1311
1.0	35.1318
0.97	34.9501
0.989	35.045
1.0	35.1318
1.0	35.1318
0.9991	35.1265
1.0	35.1318
0.9603	34.8812
0.9999	35.1311
0.9792	35.0158
0.97	34.9501
0.9891	35.0457
