worker2_maxRetry_t3l4	worker2_maxRetry_t3l7a	worker2_maxRetry_t1l7a	worker2_maxRetry_t1l7c	worker2_maxRetry_t1l7b	worker2_maxRetry_t1l5	r1_maxRetry_t2l2	r1_maxRetry_t3l2	r1_maxRetry_t3l3	r1_maxRetry_t2l3	r2_maxRetry_t2l4	r2_maxRetry_t2l7	r2_maxRetry_t3l7b

2 3 3 2 3 2 10 10 8 4 8 4 8 
3 4 1 2 5 1 4 6 3 10 10 7 5 
1 1 5 1 2 4 2 10 9 1 1 8 8 
5 5 5 3 1 3 8 9 3 8 10 2 10 
1 3 2 3 3 4 9 10 6 7 9 10 8 
2 3 4 4 3 2 4 5 10 4 9 3 5 
1 2 2 4 1 5 8 7 9 4 4 8 7 
4 3 5 4 1 5 5 9 5 7 10 10 4 
2 5 3 5 1 3 2 8 7 3 7 8 4 
2 3 1 4 4 2 2 10 7 7 9 10 7 
3 5 3 3 3 5 5 7 9 7 7 6 5 
3 2 4 2 4 5 4 2 3 10 2 8 7 
1 3 4 1 1 4 5 3 9 3 3 9 9 
1 1 4 4 1 5 7 9 9 5 4 4 8 
2 5 3 5 1 2 3 4 4 5 8 4 4 
3 5 3 3 3 5 5 7 9 7 7 6 5 
1 3 4 1 1 4 5 3 9 3 3 9 9 
1 2 3 1 3 3 4 8 8 10 9 8 8 
3 5 2 3 5 4 7 2 6 4 4 9 6 
1 5 3 5 4 5 8 3 8 3 10 6 7 
1 1 5 1 2 4 2 5 1 10 3 1 9 
1 3 4 1 1 4 5 3 9 3 4 3 7 
5 3 2 2 4 5 4 2 3 10 2 8 7 
1 2 2 4 1 5 8 4 4 5 8 4 4 
2 5 3 5 1 2 3 7 9 4 4 8 7 
1 2 3 1 4 1 3 10 8 5 4 7 6 
3 5 3 3 3 2 6 5 3 5 6 3 9 
1 2 5 1 1 4 5 6 5 6 2 8 5 
5 3 5 3 1 2 4 2 3 10 2 8 7 
1 2 2 5 3 4 6 2 7 3 5 8 3 
1 1 4 4 1 5 7 9 9 5 4 4 5 
2 5 3 5 1 3 2 8 7 3 7 8 4 
1 1 4 4 1 5 7 9 9 5 4 6 7 
