P=? [ F "success" ]	R=? [ F "done" ]
0.99	35.084
0.9997	35.2521
-0.0	0.0
0.9497	34.8208
0.988	35.0755
-0.0	0.0
1.0	35.255
0.9507	34.9434
1.0	35.255
1.0	35.255
0.99	35.084
0.99	35.084
0.9801	34.9746
-0.0	0.0
0.9999	35.2532
0.9891	35.0794
0.9998	35.2526
-0.0	0.0
1.0	35.255
0.9801	34.9746
0.9791	34.97
0.9801	34.9746
0.99	35.084
0.9997	35.2521
1.0	35.255
1.0	35.255
1.0	35.255
1.0	35.255
1.0	35.255
-0.0	0.0
0.999	35.2487
0.988	35.0755
-0.0	0.0
0.9801	34.9746
0.99	35.084
-0.0	0.0
1.0	35.255
0.9801	34.9746
0.9507	34.9434
1.0	35.255
0.9997	35.2521
1.0	35.255
0.99	35.084
0.988	35.0755
1.0	35.255
0.9791	34.97
