P=? [ F "success" ]	R=? [ F "done" ]
0.99	29.1232
0.9999	29.1831
0.9603	28.9413
0.9699	29.0015
0.9999	29.1831
0.9899	29.1228
0.98	29.0828
0.9999	29.1831
0.9991	29.1782
1.0	29.1835
0.97	29.0018
0.9506	28.9311
0.9999	29.1831
0.9792	29.0801
0.989	29.1176
0.9991	29.1782
0.9998	29.1827
0.9408	28.9093
0.9999	29.1831
0.9999	29.1831
0.99	29.1232
0.99	29.1232
0.9999	29.1831
0.9999	29.1831
0.9496	28.9304
0.9991	29.1782
0.99	29.1232
0.9891	29.1177
0.9792	29.0801
0.9505	28.9305
0.989	29.1176
0.98	29.0828
0.9314	28.8488
0.999	29.1776
0.9991	29.1782
0.97	29.0018
0.9999	29.1831
0.9999	29.1831
0.9981	29.1749
0.9506	28.9311
0.9989	29.1775
0.9899	29.1228
0.9801	29.113
0.9801	29.113
0.99	29.1232
0.9999	29.1831
0.9999	29.1831
0.99	29.1232
0.99	29.1232
