worker1_maxRetry_t3l1	worker2_maxRetry_t1l4b	worker2_maxRetry_t1l4a	worker2_maxRetry_t3l7	worker2_maxRetry_t1l8	worker2_maxRetry_t1l9	worker2_maxRetry_t3l6a	worker2_maxRetry_t3l6b	r1_maxRetry_t2l1b	r1_maxRetry_t2l1a

5 2 1 1 5 5 1 5 2 5 
3 1 1 3 3 2 4 3 9 5 
5 2 4 1 4 3 4 5 9 4 
5 5 5 4 3 1 3 5 6 5 
3 1 4 5 4 2 4 5 5 6 
5 4 5 1 2 5 3 5 5 10 
4 4 1 3 1 3 5 3 10 8 
3 3 5 2 1 2 5 4 4 9 
5 1 3 4 3 5 5 3 10 9 
5 5 4 3 3 2 4 5 8 8 
3 2 1 2 1 4 2 5 3 8 
5 3 3 4 3 1 3 4 6 3 
4 2 3 2 3 1 4 5 4 5 
3 1 5 4 5 2 4 4 5 3 
5 5 2 1 5 3 2 4 2 3 
4 4 3 5 3 1 5 4 6 4 
4 4 4 2 1 1 5 3 4 4 
5 2 4 5 1 5 3 3 6 9 
5 4 3 4 4 3 5 3 6 10 
5 2 5 1 5 2 4 4 6 8 
5 3 3 4 1 1 4 3 4 7 
4 5 2 3 2 1 5 3 3 9 
5 3 3 4 3 1 3 4 6 3 
5 3 3 4 3 1 3 4 6 3 
4 2 3 2 3 1 4 5 4 5 
5 5 4 3 3 2 4 5 3 3 
3 2 3 2 5 5 4 4 5 6 
5 5 5 4 3 1 5 3 3 9 
5 4 1 3 2 3 5 3 7 5 
5 4 3 4 4 3 5 3 6 5 
5 2 1 1 5 5 1 5 2 10 
3 4 5 1 2 5 3 5 5 10 
5 2 2 5 1 5 3 3 6 9 
3 2 1 2 1 4 2 5 3 8 
1 2 1 1 3 5 1 4 3 2 
5 4 1 3 1 3 5 3 10 8 
5 4 2 4 4 5 4 3 5 7 
5 4 5 4 3 5 5 3 10 9 
5 1 3 1 2 5 3 5 5 10 
5 2 4 1 4 3 4 5 9 5 
4 4 3 2 3 1 4 5 4 5 
5 2 4 1 4 3 4 5 9 4 
4 4 3 2 3 1 4 5 4 5 
