r1_maxRetry_t2l2	r1_maxRetry_t2l6	r1_maxRetry_t2l9b	r1_maxRetry_t2l9a	r1_maxRetry_t2l8	r2_maxRetry_t2l1	worker1_maxRetry_t3l4a	worker1_maxRetry_t1l4b	worker1_maxRetry_t3l4b	worker1_maxRetry_t1l4a	worker1_maxRetry_t1l7	worker2_maxRetry_t1l2

1 10 1 3 7 10 1 3 3 3 5 2 
9 8 7 10 7 5 2 3 4 3 5 2 
10 8 10 6 9 5 2 4 4 5 5 2 
10 7 7 10 5 4 3 4 5 1 2 5 
8 7 4 7 5 6 1 1 5 5 1 1 
9 8 10 3 4 5 5 5 5 3 4 5 
8 8 6 8 9 5 2 1 2 1 3 3 
4 5 4 3 3 7 2 2 3 1 4 4 
10 8 5 6 10 6 5 5 3 3 3 1 
8 4 8 4 9 3 2 3 3 4 5 5 
10 7 5 7 10 3 2 3 2 4 5 2 
3 7 8 7 6 9 1 2 3 5 1 1 
4 7 7 10 10 5 3 1 4 3 4 1 
10 8 7 9 10 9 3 5 3 2 3 5 
2 5 6 7 3 4 1 3 1 3 2 4 
10 5 3 10 9 8 3 3 3 3 5 1 
5 4 10 8 4 6 4 5 3 3 3 4 
4 7 5 4 10 9 5 2 5 1 4 3 
4 7 6 8 10 9 3 1 5 3 5 3 
3 7 9 8 3 8 1 3 5 1 5 1 
10 4 3 4 7 4 4 5 5 4 3 5 
5 9 8 7 5 9 2 3 3 1 5 3 
8 9 10 10 9 7 1 3 3 2 2 1 
4 8 6 6 4 10 5 5 4 2 4 1 
6 3 8 5 3 4 1 3 3 4 2 1 
10 8 5 6 10 6 5 3 3 3 3 4 
10 5 3 10 9 8 3 3 3 3 3 4 
5 4 10 8 4 6 4 5 3 3 5 1 
10 8 10 6 9 5 2 4 4 4 2 4 
10 8 7 9 10 9 3 5 3 2 3 5 
10 7 7 10 5 4 3 4 5 1 2 5 
9 8 10 3 4 5 5 5 5 3 2 5 
10 7 5 7 10 3 2 3 2 4 5 2 
10 7 5 7 10 3 1 3 4 1 5 4 
4 7 6 8 10 9 3 1 5 3 2 2 
3 7 9 8 3 9 5 2 3 5 1 2 
10 7 5 7 10 3 2 3 2 5 2 5 
3 10 5 4 10 9 5 2 5 1 4 3 
2 7 5 7 10 3 2 3 2 4 5 2 
1 10 1 3 7 10 1 3 3 3 2 5 
8 7 4 7 5 6 1 1 5 5 1 1 
8 9 10 10 9 7 1 3 3 2 2 1 
6 3 8 5 3 4 3 4 5 1 2 5 
10 7 7 10 5 4 1 3 3 4 2 1 
10 8 5 6 10 6 5 5 3 1 5 2 
8 4 8 4 9 3 2 3 3 1 5 4 
9 8 7 10 7 5 2 3 4 3 5 4 
4 8 6 6 4 10 5 5 4 2 5 5 
10 5 3 10 9 8 1 3 2 2 1 4 
1 10 1 3 7 10 1 3 3 3 5 2 
10 7 5 7 10 3 2 3 2 4 5 1 
4 7 5 4 10 5 2 3 5 1 2 5 
4 7 6 8 10 9 3 1 5 3 5 3 
4 7 7 10 10 5 3 1 4 5 2 5 
8 7 4 7 5 6 1 1 5 5 1 1 
10 7 7 10 5 4 3 4 5 4 2 2 
