P=? [ F "success" ]	R=? [ F "done" ]
0.9703	35.9001
0.9999	36.1601
0.9999	36.1601
1.0	36.1616
0.99	36.0106
1.0	36.1616
0.9998	36.1594
0.9999	36.1601
1.0	36.1616
0.9999	36.1601
0.9998	36.1594
0.99	36.0106
1.0	36.1616
1.0	36.1616
0.98	35.94
1.0	36.1616
1.0	36.1616
1.0	36.1616
1.0	36.1616
0.99	36.0106
1.0	36.1616
0.9999	36.1601
0.99	36.0106
1.0	36.1616
0.99	36.0106
1.0	36.1616
1.0	36.1616
1.0	36.1616
0.9999	36.1601
1.0	36.1616
1.0	36.1616
1.0	36.1616
0.9998	36.1594
0.99	36.0106
1.0	36.1616
1.0	36.1616
0.9998	36.1594
1.0	36.1616
0.9997	36.1586
0.9703	35.9001
0.99	36.0106
0.99	36.0106
1.0	36.1616
0.99	36.0106
1.0	36.1616
0.9999	36.1601
0.9999	36.1601
1.0	36.1616
0.9899	36.0099
0.9703	35.9001
0.9998	36.1594
0.9999	36.1601
1.0	36.1616
1.0	36.1616
0.99	36.0106
1.0	36.1616
