P=? [ F "success" ]	R=? [ F "done" ]
0.9997	36.161
0.9999	36.1615
0.9991	36.1586
0.9899	36.1012
0.9899	36.1012
0.97	36.0407
0.99	36.1015
0.9989	36.1579
0.9991	36.1586
0.9603	35.9813
1.0	36.1621
0.9889	36.0976
1.0	36.1621
0.9603	35.9813
0.98	36.0609
0.9699	36.0403
0.9997	36.161
1.0	36.1621
0.9999	36.1615
0.9603	35.9813
0.9899	36.1012
0.9602	35.9809
0.9603	35.9813
0.9991	36.1586
1.0	36.1621
0.9801	36.061
1.0	36.1621
1.0	36.1621
0.9601	35.9806
0.9801	36.061
1.0	36.1621
0.97	36.0407
0.9899	36.1012
0.9899	36.1012
0.9603	35.9813
0.9998	36.1612
0.999	36.1582
0.9991	36.1586
0.9698	36.0401
