worker2_maxRetry_t1l4	worker2_maxRetry_t1l7	worker2_maxRetry_t3l8	worker2_maxRetry_t1l8	worker2_maxRetry_t3l5	r1_maxRetry_t2l2b	r1_maxRetry_t2l2a	r1_maxRetry_t3l2	r1_maxRetry_t2l3	r2_maxRetry_t2l1b	r2_maxRetry_t3l1	r2_maxRetry_t2l1a	worker1_maxRetry_t1l1

4 5 1 4 5 4 5 9 3 5 9 10 1 
3 4 3 4 2 9 7 8 6 5 10 9 4 
1 1 1 3 4 2 9 6 6 7 5 7 2 
2 5 1 3 3 4 4 9 5 9 6 10 1 
2 1 1 3 5 8 9 6 5 3 9 4 4 
3 5 5 2 4 6 4 2 3 7 6 7 3 
3 5 1 5 3 2 5 6 2 4 2 9 2 
4 4 2 4 4 6 9 9 7 7 9 4 3 
1 2 4 2 1 6 10 10 5 9 9 8 5 
4 5 4 5 3 3 5 9 5 8 7 7 1 
1 1 1 5 4 1 5 10 6 9 4 4 1 
2 1 1 5 1 1 6 6 1 9 9 8 2 
4 5 2 3 5 8 5 8 4 7 6 4 3 
4 5 5 2 3 3 10 5 5 4 9 4 3 
2 1 3 2 4 8 6 4 10 3 5 6 5 
4 1 1 4 5 8 8 1 5 6 4 10 1 
2 4 4 1 3 4 4 2 6 3 5 5 3 
3 5 2 4 4 5 4 5 3 7 9 8 1 
3 2 1 1 5 3 5 10 5 9 5 4 4 
2 3 5 1 5 9 5 2 9 10 8 10 5 
1 3 2 3 5 8 5 8 4 7 6 4 3 
1 5 1 3 5 8 9 6 5 3 9 4 4 
2 1 1 5 1 1 6 6 3 5 9 10 1 
2 4 1 3 5 9 4 10 6 3 8 5 3 
1 5 1 3 4 2 9 6 6 7 5 7 2 
5 5 5 2 4 6 4 2 3 7 6 7 3 
5 3 2 2 3 2 5 7 5 8 3 4 5 
4 5 2 3 5 8 5 8 6 9 5 7 3 
4 5 2 3 5 8 5 8 4 7 6 4 3 
4 5 1 3 3 4 4 9 5 9 6 10 1 
2 3 5 1 5 9 5 2 9 10 7 3 3 
1 1 1 5 4 1 5 10 6 9 4 4 1 
2 1 3 2 4 8 6 4 10 3 5 6 5 
2 5 1 3 3 4 4 9 5 9 6 10 1 
3 5 5 2 4 6 4 2 3 7 6 7 3 
3 5 5 2 4 6 4 2 3 7 6 7 3 
3 5 5 2 4 6 4 2 3 7 6 7 3 
5 4 2 2 4 7 6 4 5 5 5 7 2 
4 5 1 4 5 4 4 9 5 9 6 10 1 
2 5 1 3 3 4 5 9 3 5 9 10 1 
1 4 2 2 4 6 9 6 6 7 5 7 2 
1 1 1 3 4 2 9 3 2 3 6 5 1 
1 5 5 5 2 6 3 2 10 4 2 9 2 
2 1 3 2 4 8 6 4 10 3 5 6 5 
3 5 1 5 3 2 5 6 2 4 2 9 2 
