r1_maxRetry_t2l1	r2_maxRetry_t2l4	r2_maxRetry_t3l5	r2_maxRetry_t2l6	r2_maxRetry_t2l3a	r2_maxRetry_t2l3c	r2_maxRetry_t2l3b	worker1_maxRetry_t1l7	worker1_maxRetry_t3l8	worker1_maxRetry_t3l9	worker1_maxRetry_t1l9	worker2_maxRetry_t1l2

10 1 3 6 1 10 7 4 1 1 5 5 
8 10 5 10 10 9 5 1 4 4 5 5 
8 8 8 10 8 6 6 5 5 2 5 4 
7 8 9 7 5 7 6 4 5 1 3 2 
9 5 8 9 5 5 10 2 3 4 1 4 
10 6 5 9 4 3 6 2 4 3 1 5 
7 4 4 4 3 6 3 1 1 3 3 3 
10 10 2 10 10 4 9 3 5 3 5 3 
8 2 10 10 4 2 8 4 2 5 2 1 
6 10 8 10 10 10 7 3 1 3 3 1 
10 9 1 6 10 9 3 1 4 5 3 4 
4 1 3 3 8 10 3 3 1 4 2 2 
10 7 6 8 10 10 9 3 4 5 4 2 
3 3 6 6 6 7 6 3 2 5 3 1 
9 7 9 7 5 9 3 1 1 4 5 2 
7 9 9 6 9 4 6 1 2 5 5 1 
3 7 8 3 8 8 9 4 4 4 4 5 
8 4 5 7 3 7 8 1 5 4 4 5 
9 1 1 4 3 8 9 1 3 5 3 3 
7 1 4 3 10 7 5 3 1 2 1 2 
4 4 9 2 6 10 4 5 1 5 5 5 
7 3 4 8 3 7 6 1 4 4 5 3 
10 3 9 7 9 5 5 2 3 5 4 3 
8 5 3 7 10 10 9 1 5 5 2 4 
3 9 6 7 10 6 10 4 3 5 5 4 
7 2 4 9 8 8 5 2 2 5 2 3 
4 8 10 4 9 8 8 3 3 3 3 4 
6 7 8 3 7 8 6 4 3 3 1 3 
8 7 5 5 4 8 4 1 5 4 5 5 
10 7 9 7 5 8 10 1 3 5 3 1 
5 7 7 3 7 6 8 2 2 3 2 4 
7 2 3 6 4 7 4 3 4 5 4 5 
7 3 4 8 3 7 6 1 4 4 5 3 
10 10 2 10 10 4 9 3 5 3 5 5 
4 8 10 4 9 8 8 3 3 3 1 4 
7 8 9 7 5 7 6 4 5 1 3 2 
10 9 1 6 10 9 3 1 4 3 2 4 
8 4 4 7 3 7 8 1 5 4 4 3 
10 9 1 6 10 9 3 1 4 5 5 4 
4 4 5 7 3 10 8 1 5 4 4 5 
3 3 2 2 10 9 5 1 4 4 5 5 
8 7 5 7 5 5 9 1 1 5 3 4 
10 9 1 6 10 9 3 1 4 5 3 1 
8 4 5 7 3 7 8 1 5 4 4 5 
8 10 4 5 5 9 3 1 1 4 5 2 
10 6 5 9 4 3 9 1 1 5 3 4 
7 7 7 2 9 7 5 1 1 2 1 4 
9 3 4 8 3 7 6 1 4 4 5 3 
7 7 9 7 5 9 3 1 1 4 5 2 
9 7 9 7 5 9 3 1 1 4 5 2 
9 1 1 4 3 8 4 3 4 5 4 5 
5 8 8 5 5 7 3 2 2 4 2 5 
7 8 9 7 5 7 6 4 5 1 5 3 
