P=? [ F "success" ]	R=? [ F "done" ]
-0.0	0.0
0.9498	35.0012
-0.0	0.0
1.0	35.3263
0.9898	35.1431
0.9989	35.3197
0.9998	35.3239
0.9891	35.1411
0.9998	35.3239
0.9999	35.3245
0.9999	35.3245
0.9991	35.3226
-0.0	0.0
-0.0	0.0
0.9997	35.3233
0.9801	35.0835
0.9998	35.3239
-0.0	0.0
-0.0	0.0
-0.0	0.0
0.989	35.1403
-0.0	0.0
-0.0	0.0
0.989	35.1403
0.9891	35.1411
0.9792	35.0312
-0.0	0.0
0.9998	35.3239
0.9801	35.0835
0.989	35.1403
0.9991	35.3226
0.99	35.1447
0.9898	35.1431
0.9991	35.3226
-0.0	0.0
0.9411	34.9432
0.9897	35.143
0.989	35.1403
-0.0	0.0
0.9998	35.3239
