worker1_maxRetry_t3l3	worker1_maxRetry_t1l6	worker2_maxRetry_t1l4	worker2_maxRetry_t1l5	worker2_maxRetry_t3l8	worker2_maxRetry_t1l8	r2_maxRetry_t2l4	r2_maxRetry_t3l5	r2_maxRetry_t2l6	r2_maxRetry_t2l9

2 4 4 5 5 3 2 5 2 3 
4 2 3 5 4 4 2 3 4 4 
4 3 2 5 4 3 7 2 5 10 
2 1 4 2 5 2 1 5 9 10 
2 1 4 5 5 5 1 4 3 5 
5 3 5 3 4 5 8 1 7 3 
4 2 2 2 5 4 1 3 10 8 
2 3 1 5 2 3 5 2 3 10 
5 2 2 4 4 1 9 2 3 10 
4 3 1 4 5 1 1 1 5 5 
5 4 1 4 5 4 7 3 3 8 
2 3 3 2 5 2 1 2 5 2 
3 4 4 4 5 3 4 3 5 6 
5 1 1 1 3 4 1 1 10 10 
1 5 5 1 3 1 1 10 2 3 
2 5 4 5 3 4 5 1 8 5 
2 4 5 2 3 1 2 5 2 7 
3 3 1 4 3 4 10 3 4 5 
4 3 4 3 5 4 2 3 10 8 
4 3 1 4 5 1 1 1 5 8 
2 1 4 5 5 5 1 4 3 4 
2 2 1 1 3 4 1 1 10 10 
4 3 1 4 5 1 1 1 5 8 
3 2 1 3 5 3 7 2 5 10 
5 1 1 4 3 4 9 3 4 10 
1 5 5 1 3 1 1 3 10 8 
3 3 1 4 5 4 7 3 3 8 
5 4 1 4 3 4 10 3 4 10 
2 1 4 4 2 4 1 1 10 10 
1 2 2 2 5 4 1 3 10 8 
5 4 1 4 5 4 7 3 3 8 
5 3 5 3 4 5 5 1 7 3 
2 1 4 5 5 5 1 4 3 8 
2 3 2 5 5 2 1 5 9 10 
4 3 1 4 5 1 1 1 9 3 
2 4 5 2 3 1 2 5 9 3 
2 5 2 5 4 2 7 2 3 10 
5 2 2 5 4 3 7 2 5 10 
2 1 4 4 5 5 4 1 2 5 
