worker1_maxRetry_t3l4	worker1_maxRetry_t1l5	worker1_maxRetry_t1l6	worker1_maxRetry_t1l9	worker2_maxRetry_t3l7	worker2_maxRetry_t1l7	r1_maxRetry_t2l5	r1_maxRetry_t2l2	r1_maxRetry_t3l3b	r1_maxRetry_t2l3	r1_maxRetry_t3l3a

1 1 4 1 5 2 2 10 5 4 2 
2 3 3 4 4 4 2 4 6 9 10 
1 4 1 3 4 4 10 9 7 8 7 
1 4 2 4 3 5 10 10 9 9 9 
1 2 1 4 1 4 1 8 2 3 10 
3 5 2 1 4 2 3 6 7 5 9 
2 1 5 4 5 2 6 5 2 6 8 
2 4 2 3 3 2 10 4 3 6 7 
2 1 5 4 5 2 6 5 2 6 10 
1 4 1 3 4 4 10 9 7 8 7 
1 3 2 1 2 4 2 2 2 10 4 
1 5 2 2 1 5 1 4 4 8 6 
2 1 5 5 4 4 4 2 2 10 4 
1 4 1 1 1 4 1 1 3 8 10 
1 1 4 5 1 5 1 5 7 4 9 
2 1 5 4 5 2 6 5 2 6 8 
2 4 5 1 2 2 10 2 2 10 4 
1 4 1 1 3 5 5 8 8 6 10 
1 3 4 3 3 5 1 10 8 3 8 
2 1 5 4 5 2 6 5 2 4 6 
1 4 1 1 3 5 9 4 10 3 6 
1 4 1 3 4 4 10 9 7 8 7 
2 4 2 3 3 2 10 4 3 6 7 
2 4 2 3 5 5 9 10 2 4 9 
1 2 1 4 4 2 3 2 4 6 10 
1 4 2 4 3 5 10 10 9 9 9 
