P=? [ F "success" ]	R=? [ F "done" ]
0.9991	36.2323
1.0	36.2342
0.9899	36.1427
1.0	36.2342
0.9602	36.051
0.989	36.1404
-0.0	0.0
-0.0	0.0
1.0	36.2342
-0.0	0.0
0.99	36.1432
0.9412	36.0209
0.9999	36.2332
0.9998	36.2325
-0.0	0.0
1.0	36.2342
1.0	36.2342
1.0	36.2342
-0.0	0.0
0.999	36.2305
0.9791	36.0692
1.0	36.2342
0.99	36.1432
0.99	36.1432
0.999	36.2305
1.0	36.2342
-0.0	0.0
0.9989	36.23
0.9889	36.1403
1.0	36.2342
0.999	36.2305
0.9792	36.0896
0.99	36.1432
0.9991	36.2323
-0.0	0.0
1.0	36.2342
1.0	36.2342
1.0	36.2342
1.0	36.2342
0.989	36.1404
1.0	36.2342
0.9801	36.0924
