worker1_maxRetry_t3l2	worker1_maxRetry_t1l3	worker1_maxRetry_t3l6	worker1_maxRetry_t1l5	worker1_maxRetry_t1l8	r1_maxRetry_t2l7a	r1_maxRetry_t3l7	r1_maxRetry_t2l7b	r2_maxRetry_t2l2	r2_maxRetry_t2l5

2 3 4 2 3 5 10 5 6 10 
2 3 3 3 3 7 10 10 7 9 
3 5 3 5 4 9 3 10 9 3 
1 5 5 4 3 7 3 4 8 10 
1 4 1 5 2 7 7 10 8 4 
3 1 5 3 2 10 3 6 4 5 
2 3 2 3 1 4 10 9 10 4 
4 1 3 2 1 9 4 6 9 5 
1 4 1 3 1 2 9 3 9 9 
2 3 2 5 3 10 10 3 8 7 
1 4 2 5 2 10 8 10 3 4 
3 5 5 4 1 5 8 8 6 9 
1 1 2 4 5 6 7 4 6 5 
4 2 3 2 4 4 9 7 5 6 
5 4 3 3 3 4 4 8 8 7 
5 1 4 3 1 9 3 6 5 5 
3 4 3 1 5 10 4 3 6 8 
5 4 5 4 4 5 10 3 4 9 
2 5 2 5 5 2 9 4 8 5 
1 1 1 2 3 1 9 8 3 8 
4 2 3 3 2 4 8 7 4 9 
3 3 4 5 2 6 10 3 6 3 
3 5 3 5 4 9 3 10 9 10 
5 4 3 3 3 4 4 8 8 7 
1 4 2 2 2 9 8 7 10 9 
2 3 5 5 3 10 10 3 3 4 
1 4 2 5 2 10 8 10 8 7 
1 1 2 4 2 5 10 4 5 10 
3 1 4 3 1 9 3 6 5 5 
1 1 4 4 1 9 9 3 9 9 
1 3 3 3 3 7 5 10 8 4 
3 2 5 4 5 8 10 3 8 7 
1 2 2 1 3 2 9 8 8 6 
4 1 3 2 1 9 4 6 6 3 
3 3 4 5 2 6 10 3 9 5 
5 5 3 1 1 6 7 4 4 10 
4 3 3 4 1 5 9 8 6 9 
3 4 3 1 5 10 4 3 6 8 
4 5 3 5 4 9 3 10 9 3 
4 3 3 4 5 7 6 5 10 6 
4 3 5 2 4 6 5 9 9 5 
1 4 2 5 2 10 8 10 3 9 
