P=? [ F "success" ]	R=? [ F "done" ]
0.9891	39.0303
0.9999	39.1609
1.0	39.1622
1.0	39.1622
0.9899	39.0308
0.9999	39.1609
0.99	39.0312
1.0	39.1622
0.9703	38.9709
1.0	39.1622
0.9998	39.1605
1.0	39.1622
0.9801	38.9911
0.9899	39.0308
0.9999	39.1609
1.0	39.1622
1.0	39.1622
1.0	39.1622
0.9998	39.1605
0.9998	39.1605
0.9999	39.1609
0.99	39.0312
1.0	39.1622
1.0	39.1622
0.9998	39.1605
1.0	39.1622
0.9801	38.9911
0.9801	38.9911
0.9998	39.1605
1.0	39.1622
1.0	39.1622
1.0	39.1622
1.0	39.1622
1.0	39.1622
0.99	39.0312
0.9998	39.1605
0.9703	38.9709
0.9998	39.1605
1.0	39.1622
0.9998	39.1605
0.99	39.0312
0.9801	38.9911
1.0	39.1622
0.9899	39.0308
0.99	39.0312
1.0	39.1622
1.0	39.1622
0.99	39.0312
0.9899	39.0308
1.0	39.1622
0.9998	39.1605
0.9998	39.1605
1.0	39.1622
1.0	39.1622
1.0	39.1622
0.99	39.0312
1.0	39.1622
0.9801	38.9911
0.9998	39.1605
0.99	39.0312
1.0	39.1622
1.0	39.1622
0.9999	39.1609
