P=? [ F "success" ]	R=? [ F "done" ]
0.9991	30.1473
0.99	30.072
0.97	29.9709
0.9898	30.0716
0.9703	30.0316
0.9991	30.1473
0.97	29.9709
0.9603	29.9513
0.9799	30.0713
0.9602	29.9316
0.9999	30.152
0.9801	30.0715
0.99	30.072
0.97	29.9709
1.0	30.1526
0.97	29.9709
0.9999	30.152
0.99	30.072
0.999	30.1472
0.97	29.9709
0.97	29.9709
0.9991	30.1473
0.97	29.9709
0.9602	29.9316
0.97	29.9709
0.97	29.9709
0.999	30.1472
0.99	30.072
0.9506	29.8531
0.9699	29.9707
0.97	29.9709
0.9899	30.0717
0.97	29.9709
0.9991	30.1473
0.97	29.9709
1.0	30.1526
0.9999	30.152
