P=? [ F "success" ]	R=? [ F "done" ]
0.9999	48.1793
0.9999	48.1793
0.9999	48.1793
0.99	47.9303
0.99	47.9303
1.0	48.1818
0.9997	48.1767
1.0	48.1818
1.0	48.1818
0.9998	48.1774
1.0	48.1818
1.0	48.1818
0.99	47.9303
1.0	48.1818
0.9998	48.1774
1.0	48.1818
0.9899	47.9284
0.9801	47.7412
0.9999	48.1793
1.0	48.1818
0.9702	47.672
1.0	48.1818
0.9999	48.1793
0.99	47.9303
0.9801	47.7412
1.0	48.1818
0.9999	48.1793
1.0	48.1818
0.9898	47.9283
0.98	47.7405
0.99	47.9303
1.0	48.1818
0.9999	48.1793
1.0	48.1818
0.99	47.9303
1.0	48.1818
0.9999	48.1793
1.0	48.1818
1.0	48.1818
0.98	47.7405
1.0	48.1818
1.0	48.1818
0.9999	48.1793
1.0	48.1818
0.9703	47.6721
0.99	47.9303
0.9898	47.9283
0.99	47.9303
0.99	47.9303
0.9899	47.9284
0.9899	47.9284
0.99	47.9303
1.0	48.1818
