worker1_maxRetry_t3l1	worker2_maxRetry_t1l2	worker2_maxRetry_t3l5b	worker2_maxRetry_t1l6	worker2_maxRetry_t1l9	worker2_maxRetry_t1l8a	worker2_maxRetry_t1l8b	worker2_maxRetry_t3l7	r1_maxRetry_t2l4	r1_maxRetry_t3l5a	r1_maxRetry_t2l6

4 2 5 3 1 1 2 4 8 6 5 
2 3 2 4 5 1 2 3 2 3 4 
5 3 4 3 4 5 5 3 10 7 7 
3 5 4 1 4 3 3 3 7 9 4 
4 5 2 2 3 4 5 3 4 9 7 
1 4 1 1 2 4 2 4 6 5 9 
3 3 3 4 2 3 2 4 5 5 4 
5 1 1 4 1 3 3 3 3 4 8 
3 2 2 2 1 1 1 3 7 3 10 
2 1 2 2 5 1 3 3 2 3 8 
5 4 2 5 1 1 5 3 9 2 10 
3 5 4 4 1 1 1 4 4 3 5 
5 4 2 2 5 1 2 3 4 4 5 
2 1 1 2 2 2 4 4 1 2 6 
5 1 3 5 4 3 2 3 10 8 5 
5 1 1 3 4 3 2 4 4 6 4 
1 1 1 2 4 1 4 4 3 5 3 
5 4 2 1 3 1 1 4 5 10 6 
5 3 5 5 2 1 3 4 4 10 10 
1 5 1 3 1 3 2 5 7 4 5 
4 5 5 5 5 2 2 5 8 4 3 
4 4 1 4 4 5 5 3 2 9 7 
5 4 1 2 5 3 4 3 9 3 10 
5 1 5 3 5 1 5 3 6 7 7 
5 1 2 5 2 2 2 3 8 8 4 
5 2 3 2 5 3 4 4 8 9 10 
4 4 2 3 5 1 2 3 7 3 7 
4 4 3 3 5 4 1 4 10 5 6 
2 1 1 2 3 2 4 4 1 10 10 
1 5 1 3 1 3 2 5 7 4 5 
3 3 3 4 2 3 2 4 5 5 4 
4 5 5 5 5 2 2 5 8 4 3 
5 1 2 2 1 1 1 3 7 3 10 
2 1 1 2 2 2 4 4 1 2 6 
4 3 1 4 5 1 1 3 7 3 10 
2 1 1 2 2 2 4 4 1 3 5 
5 2 3 2 5 3 4 4 8 9 10 
3 5 4 1 4 3 3 3 7 9 4 
5 4 1 1 2 4 2 4 6 5 9 
2 3 2 4 5 1 2 3 2 8 4 
5 1 2 5 2 2 2 3 8 3 4 
3 2 2 2 1 1 1 3 7 3 10 
4 4 1 4 4 2 1 5 2 10 3 
5 1 2 4 5 4 5 4 5 5 3 
4 4 1 4 4 5 5 3 2 9 7 
5 1 3 5 4 3 2 3 10 8 5 
2 4 1 1 3 4 1 5 4 1 5 
5 1 4 3 2 1 2 4 4 3 5 
5 3 4 1 2 5 2 4 8 6 10 
5 3 4 3 4 5 5 3 10 7 5 
1 4 1 1 3 4 1 3 9 7 4 
2 4 1 1 2 1 2 1 7 1 9 
2 3 2 4 5 1 2 3 2 6 3 
4 4 3 3 5 4 1 4 10 5 6 
5 2 5 3 1 5 2 4 8 6 10 
1 5 1 3 1 3 2 5 7 4 5 
5 3 4 3 4 5 5 3 10 7 7 
5 5 2 2 2 3 3 3 7 3 10 
