P=? [ F "success" ]	R=? [ F "done" ]
0.9998	41.2497
1.0	41.2531
0.99	41.0116
1.0	41.2531
0.99	41.0116
1.0	41.2531
1.0	41.2531
1.0	41.2531
0.99	41.0116
1.0	41.2531
1.0	41.2531
0.99	41.0116
1.0	41.2531
1.0	41.2531
1.0	41.2531
1.0	41.2531
0.9792	40.9098
0.9891	41.0098
0.9999	41.2507
0.99	41.0116
0.9999	41.2507
1.0	41.2531
0.9801	40.9116
1.0	41.2531
1.0	41.2531
0.9597	40.9092
1.0	41.2531
1.0	41.2531
0.9999	41.2507
1.0	41.2531
0.9998	41.2497
0.99	41.0116
1.0	41.2531
1.0	41.2531
0.9801	40.9116
0.9998	41.2497
1.0	41.2531
0.99	41.0116
0.99	41.0116
0.99	41.0116
0.9891	41.0098
1.0	41.2531
1.0	41.2531
0.99	41.0116
1.0	41.2531
1.0	41.2531
0.9899	41.0106
1.0	41.2531
1.0	41.2531
0.9891	41.0098
1.0	41.2531
1.0	41.2531
1.0	41.2531
1.0	41.2531
0.99	41.0116
0.9891	41.0098
