P=? [ F "success" ]	R=? [ F "done" ]
0.9991	27.114
0.9991	27.114
0.9991	27.114
0.9999	27.122
0.99	27.0421
0.9999	27.122
1.0	27.1228
0.9991	27.114
0.9507	26.7408
0.9898	27.0417
0.9981	27.1077
0.9603	26.8191
0.9315	26.5657
0.97	26.8192
0.9891	27.0331
0.99	27.0421
0.97	26.8192
0.9991	27.114
0.99	27.0421
0.9991	27.114
0.97	26.8192
0.9898	27.0417
0.9981	27.1077
0.9891	27.0331
0.9891	27.0331
1.0	27.1228
0.99	27.0421
0.9991	27.114
1.0	27.1228
0.9991	27.114
0.9991	27.114
0.9999	27.122
0.9991	27.114
0.9507	26.7408
