P=? [ F "success" ]	R=? [ F "done" ]
1.0	42.2026
0.9997	42.2001
1.0	42.2026
1.0	42.2026
0.9999	42.2005
0.9801	41.9911
1.0	42.2026
0.99	41.9916
0.9999	42.2005
0.9997	42.2001
0.999	42.1987
1.0	42.2026
0.9999	42.2005
0.9791	41.9493
1.0	42.2026
0.99	41.9916
0.9801	41.9911
0.9999	42.2005
1.0	42.2026
0.9801	41.9911
1.0	42.2026
0.9899	41.9912
0.99	41.9916
1.0	42.2026
0.9999	42.2005
1.0	42.2026
0.9999	42.2005
1.0	42.2026
0.98	41.9511
0.9801	41.9911
1.0	42.2026
1.0	42.2026
0.9999	42.2005
0.9791	41.9493
0.99	41.9916
0.98	41.9511
1.0	42.2026
1.0	42.2026
0.99	41.9916
0.9997	42.2001
0.9999	42.2005
0.9999	42.2005
0.9899	41.9912
0.9999	42.2005
0.9899	41.9912
1.0	42.2026
0.9602	41.9304
1.0	42.2026
1.0	42.2026
1.0	42.2026
0.9801	41.9911
0.9506	41.9299
0.9997	42.2001
1.0	42.2026
1.0	42.2026
0.9801	41.9911
1.0	42.2026
0.9999	42.2005
