r1_maxRetry_t2l1	r1_maxRetry_t3l4	r1_maxRetry_t2l7	r1_maxRetry_t2l8	worker1_maxRetry_t1l1	worker1_maxRetry_t1l2	worker1_maxRetry_t1l3a	worker1_maxRetry_t1l3b	worker2_maxRetry_t1l4	worker2_maxRetry_t3l5	worker2_maxRetry_t3l6	worker2_maxRetry_t1l9

1 3 1 8 4 4 4 4 2 1 4 3 
5 1 2 10 2 2 4 3 5 1 1 4 
2 2 6 6 3 3 1 4 4 1 2 4 
2 9 10 4 1 3 5 1 2 1 3 1 
7 3 6 5 1 5 4 1 1 5 3 5 
8 7 2 6 2 5 5 3 1 2 2 4 
8 2 3 5 4 1 4 1 4 5 4 5 
2 6 7 10 4 3 2 2 3 1 5 4 
5 2 9 10 2 4 2 3 5 2 5 2 
7 8 4 3 1 4 1 3 3 1 1 1 
3 6 5 5 3 4 3 3 5 1 1 4 
10 3 7 6 1 1 1 5 2 1 4 5 
10 3 4 5 1 5 5 3 1 5 3 2 
9 2 8 6 2 1 4 2 4 2 2 4 
7 3 5 6 3 4 2 5 3 2 4 2 
7 4 3 10 4 5 2 4 5 2 2 4 
7 6 3 4 3 5 2 4 5 2 2 4 
9 2 8 6 2 1 4 2 4 3 3 3 
6 3 4 6 1 5 3 1 3 3 3 3 
7 1 9 10 3 1 5 1 5 1 5 3 
9 6 9 8 1 5 3 5 5 1 1 4 
2 6 7 10 4 3 2 2 3 1 5 4 
8 2 3 5 4 1 4 1 4 4 4 1 
8 7 2 6 2 5 5 3 1 2 2 4 
8 1 10 3 5 1 4 5 3 1 2 1 
1 3 1 8 4 4 4 4 2 1 4 3 
10 3 4 5 1 5 5 3 1 5 3 2 
5 1 2 10 2 2 4 3 5 1 1 4 
10 3 7 6 1 1 1 5 2 1 4 5 
7 1 4 3 2 3 1 1 3 1 5 4 
6 6 3 10 4 5 2 4 5 2 2 4 
