worker1_maxRetry_t1l3	worker2_maxRetry_t1l4b	worker2_maxRetry_t1l4a	worker2_maxRetry_t1l5	worker2_maxRetry_t1l8a	worker2_maxRetry_t1l8b	r1_maxRetry_t2l3	r1_maxRetry_t3l6	r1_maxRetry_t2l6	r1_maxRetry_t2l9

2 3 3 3 3 3 1 4 2 1 
2 1 5 1 3 3 7 3 6 8 
4 1 4 1 3 2 1 7 3 9 
1 4 1 3 1 4 3 2 10 4 
1 2 2 1 3 5 5 3 6 9 
2 2 5 4 1 4 10 2 9 9 
1 5 5 3 1 1 1 6 10 1 
4 3 4 1 2 5 8 3 5 3 
2 5 4 1 2 1 8 1 10 10 
5 3 5 2 5 4 7 3 10 8 
2 2 1 3 5 1 5 3 3 5 
3 3 3 4 2 4 7 3 7 6 
2 5 4 2 5 2 3 1 3 4 
5 1 1 5 1 2 5 3 6 9 
2 5 5 2 1 2 10 2 10 10 
3 3 2 4 4 5 6 2 3 4 
1 1 5 2 5 2 8 3 4 4 
2 5 2 4 2 2 1 10 9 4 
3 3 2 4 5 5 9 1 8 8 
3 1 1 1 2 4 1 2 6 1 
1 3 1 3 3 5 2 1 3 4 
4 1 4 2 1 3 1 5 5 8 
2 5 1 4 4 1 1 4 6 5 
1 4 2 1 2 5 4 1 9 6 
2 4 4 3 2 1 8 3 6 5 
2 2 1 3 5 1 5 3 3 5 
3 1 1 1 2 4 1 10 8 10 
1 2 2 1 3 5 5 3 6 8 
2 5 1 2 2 5 5 3 7 6 
4 3 3 3 3 3 1 4 2 1 
2 5 1 4 4 1 1 4 8 8 
3 3 2 4 5 5 9 1 6 5 
2 5 1 4 5 4 7 3 10 8 
5 3 5 2 4 1 1 4 6 5 
1 1 2 1 2 5 4 1 9 6 
1 4 5 2 5 2 8 3 4 4 
3 3 3 4 2 4 7 3 7 4 
1 5 4 2 5 2 3 1 3 4 
4 1 3 4 5 5 9 1 8 8 
2 5 2 4 2 2 1 10 9 4 
1 1 5 2 5 2 8 3 4 4 
1 2 2 1 3 5 5 1 3 4 
1 3 1 3 3 5 2 3 6 9 
5 3 5 2 5 4 7 3 10 8 
2 5 1 4 4 1 1 4 6 5 
2 5 1 2 2 1 5 3 3 5 
2 5 1 2 1 2 6 2 9 10 
4 2 4 3 3 4 6 2 10 10 
2 2 5 4 1 4 10 2 9 9 
4 1 4 2 1 3 1 5 5 8 
1 2 1 5 4 3 10 3 6 9 
2 5 2 4 2 2 1 10 9 4 
2 5 4 1 2 1 8 1 10 10 
2 5 4 3 2 1 8 3 9 5 
2 4 5 2 1 2 10 2 10 10 
3 3 2 4 5 5 9 1 8 8 
2 5 4 1 2 1 8 1 10 9 
1 1 5 2 5 2 8 3 4 4 
2 2 4 1 2 1 8 1 10 10 
2 5 1 3 5 1 5 3 3 5 
5 1 5 5 1 3 1 10 9 4 
