P=? [ F "success" ]	R=? [ F "done" ]
0.98	31.0103
1.0	31.0611
0.99	31.0106
0.9991	31.0585
1.0	31.0611
0.9991	31.0585
0.9801	31.0105
1.0	31.0611
0.97	30.9697
1.0	31.0611
1.0	31.0611
1.0	31.0611
0.97	30.9697
1.0	31.0611
0.9991	31.0585
0.9991	31.0585
1.0	31.0611
0.99	31.0106
0.97	30.9697
0.9792	31.0078
0.9699	30.9692
0.99	31.0106
0.99	31.0106
0.97	30.9697
1.0	31.0611
1.0	31.0611
0.99	31.0106
1.0	31.0611
1.0	31.0611
0.98	31.0103
0.99	31.0106
0.97	30.9697
1.0	31.0611
0.99	31.0106
0.97	30.9697
1.0	31.0611
1.0	31.0611
0.97	30.9697
0.97	30.9697
0.99	31.0106
1.0	31.0611
0.97	30.9697
0.9999	31.0606
1.0	31.0611
0.99	31.0106
1.0	31.0611
0.9991	31.0585
0.9991	31.0585
0.9991	31.0585
0.99	31.0106
1.0	31.0611
0.99	31.0106
0.97	30.9697
1.0	31.0611
0.9991	31.0585
0.97	30.9697
0.97	30.9697
1.0	31.0611
0.97	30.9697
1.0	31.0611
0.99	31.0106
