P=? [ F "success" ]	R=? [ F "done" ]
1.0	41.2026
0.9703	40.9908
0.99	41.0711
0.9899	41.0703
0.99	41.0711
1.0	41.2026
0.9999	41.2013
1.0	41.2026
1.0	41.2026
0.99	41.0711
1.0	41.2026
0.9998	41.2005
0.9998	41.2005
1.0	41.2026
1.0	41.2026
1.0	41.2026
0.9801	40.9909
0.9999	41.2013
0.9999	41.2013
1.0	41.2026
0.99	41.0711
1.0	41.2026
0.9999	41.2013
0.99	41.0711
1.0	41.2026
0.9999	41.2013
1.0	41.2026
0.9999	41.2013
1.0	41.2026
1.0	41.2026
0.9999	41.2013
0.9998	41.2005
0.9999	41.2013
1.0	41.2026
0.9999	41.2013
1.0	41.2026
0.9998	41.2005
1.0	41.2026
1.0	41.2026
1.0	41.2026
0.9999	41.2013
