worker1_maxRetry_t3l2	worker1_maxRetry_t1l3	worker1_maxRetry_t3l3	worker1_maxRetry_t1l6	worker1_maxRetry_t3l5	worker1_maxRetry_t1l8a	worker1_maxRetry_t1l8b	worker1_maxRetry_t3l8	worker2_maxRetry_t3l1	r2_maxRetry_t2l9

1 2 1 3 3 1 4 4 1 1 
2 2 2 4 2 1 5 3 3 5 
2 1 2 1 3 3 1 4 3 6 
1 3 4 1 4 4 1 3 4 9 
3 5 4 4 4 4 3 4 3 6 
4 2 4 4 3 5 5 4 3 5 
4 3 4 4 4 2 3 4 3 7 
4 3 5 4 5 1 3 4 5 10 
2 2 4 1 3 3 1 4 5 6 
2 3 4 4 3 2 2 4 3 10 
1 3 5 5 2 4 5 4 5 3 
5 3 5 3 3 1 4 3 4 6 
3 3 3 5 4 3 5 5 3 10 
4 1 4 5 4 5 1 4 5 4 
1 3 5 3 3 3 4 5 5 8 
3 4 3 3 5 5 5 5 3 4 
5 2 4 3 4 4 5 5 3 7 
1 1 1 4 4 1 2 4 5 9 
3 2 3 5 3 5 2 4 5 6 
1 1 4 1 3 3 1 4 3 6 
4 4 4 1 4 4 1 3 4 9 
4 4 4 2 3 4 2 5 4 4 
1 4 1 1 3 5 5 3 5 6 
2 3 3 5 4 3 5 5 3 10 
2 2 2 4 2 1 5 3 3 5 
5 1 4 1 4 4 1 3 4 9 
1 2 1 3 3 1 4 4 1 1 
1 3 3 4 2 3 1 3 4 3 
3 5 4 4 4 4 5 4 3 10 
5 3 5 3 3 1 4 3 4 6 
1 5 1 5 5 1 3 4 3 6 
4 2 4 3 4 4 5 5 3 7 
1 3 1 1 4 3 1 5 3 9 
2 1 2 1 3 3 1 4 3 8 
5 2 4 3 4 4 3 3 4 6 
4 3 4 4 4 2 3 3 3 10 
2 4 4 4 3 5 2 4 3 10 
1 5 3 5 3 5 2 4 5 6 
1 1 5 3 3 3 4 5 5 8 
1 3 1 4 4 1 2 4 5 9 
2 1 2 1 2 2 1 4 3 10 
5 2 5 2 3 3 1 4 3 6 
1 3 1 1 4 3 1 4 3 7 
5 3 5 5 5 3 1 4 4 9 
1 3 5 5 2 4 5 4 5 9 
3 5 3 2 5 3 2 3 5 6 
3 1 3 2 3 3 1 4 3 6 
