worker2_maxRetry_t1l1b	worker2_maxRetry_t1l1a	worker2_maxRetry_t1l3	r1_maxRetry_t2l1	worker1_maxRetry_t1l2	worker1_maxRetry_t3l2a	worker1_maxRetry_t3l2b	worker1_maxRetry_t1l5a	worker1_maxRetry_t1l5c	worker1_maxRetry_t1l5b	worker1_maxRetry_t1l8	worker1_maxRetry_t3l7	worker1_maxRetry_t1l7

3 1 1 4 5 4 5 1 4 2 3 4 1 
5 4 5 9 2 3 3 4 2 2 2 3 4 
2 5 4 4 4 1 2 4 4 5 3 1 1 
1 4 2 9 1 3 4 1 2 4 4 5 3 
3 3 2 4 4 1 3 5 4 2 4 4 2 
5 4 3 9 2 5 3 4 5 5 1 5 3 
1 1 5 8 4 2 2 3 4 5 1 4 4 
5 1 3 5 3 2 2 5 1 5 1 5 4 
2 3 5 5 3 1 4 3 2 3 4 4 1 
3 1 3 9 5 1 2 4 3 2 1 4 5 
3 5 4 7 1 1 4 1 1 1 5 3 3 
3 4 1 9 4 3 3 3 5 4 4 5 1 
3 5 3 10 3 3 4 3 1 3 3 5 4 
2 4 3 8 5 2 2 1 2 5 5 4 3 
1 2 1 6 3 3 3 4 4 1 4 4 4 
4 1 4 4 5 1 1 1 4 2 2 1 1 
5 3 4 3 3 2 3 1 2 4 4 5 2 
5 3 2 6 4 1 3 1 2 3 4 3 5 
4 1 1 9 3 3 3 5 4 4 5 4 1 
5 4 3 3 2 2 4 1 2 5 3 5 4 
5 4 5 3 1 4 4 4 4 3 4 4 4 
5 2 5 10 5 2 4 3 5 3 3 4 5 
2 1 3 10 2 4 3 1 5 2 5 3 4 
1 4 1 10 5 4 4 5 1 2 3 4 2 
4 1 2 7 4 1 3 1 5 4 3 4 4 
1 4 3 3 3 1 2 3 2 5 3 3 4 
1 5 5 6 4 1 4 3 3 1 3 1 3 
4 5 5 10 3 1 2 1 1 1 2 5 3 
3 2 5 7 5 3 4 4 5 5 5 5 5 
2 2 2 7 4 2 3 2 3 3 1 4 4 
5 3 3 8 3 1 4 5 3 3 3 5 3 
4 5 5 3 2 1 2 4 3 4 1 4 4 
1 3 3 5 1 1 5 3 3 1 4 5 1 
3 4 2 8 1 1 5 3 2 1 1 4 1 
4 4 1 10 1 3 4 3 5 2 1 3 5 
3 4 2 8 1 1 5 3 2 1 4 5 3 
5 5 5 8 3 1 4 5 3 3 3 5 3 
1 3 3 5 1 1 5 3 3 1 4 5 1 
1 4 4 7 2 3 3 4 4 1 4 4 4 
3 2 5 7 5 3 4 4 5 5 1 4 4 
2 2 2 7 4 2 3 2 3 3 5 5 5 
1 3 1 5 5 4 3 5 5 5 5 5 5 
3 1 1 4 5 4 5 3 3 1 4 5 1 
1 3 3 5 1 1 5 1 4 2 3 4 1 
1 1 2 5 3 3 3 3 3 3 1 3 3 
4 5 5 10 3 1 2 4 2 5 2 2 4 
3 4 4 6 3 1 3 3 5 4 4 5 1 
5 2 1 5 2 2 3 1 2 4 4 5 2 
5 4 5 7 1 1 4 1 1 1 5 3 3 
3 5 4 9 2 3 3 4 2 2 2 3 4 
2 5 4 4 4 1 2 4 4 5 1 4 4 
4 5 5 3 2 1 2 4 3 4 3 1 1 
4 2 3 6 5 4 3 1 5 2 5 3 4 
2 5 1 4 3 3 4 3 1 3 3 5 4 
5 2 4 5 1 1 4 5 3 3 3 5 3 
1 4 2 9 1 3 4 1 2 3 3 4 4 
5 4 3 3 2 2 4 1 2 5 1 4 4 
4 5 5 3 2 1 2 4 3 4 3 5 4 
4 1 2 7 4 1 3 1 5 4 3 4 4 
1 4 1 10 5 4 4 5 1 2 3 4 3 
4 2 2 7 4 2 3 2 3 3 1 4 4 
1 4 3 3 3 1 2 3 2 5 3 3 3 
4 4 2 5 2 4 4 5 1 2 3 4 2 
1 2 1 6 3 3 3 4 4 1 4 4 4 
3 1 1 9 3 3 3 5 4 4 5 4 1 
5 3 2 7 4 2 3 2 3 3 1 4 4 
4 4 1 9 4 3 3 3 5 4 4 5 1 
1 3 3 5 1 1 5 3 3 1 4 5 1 
1 4 2 4 4 1 2 4 4 5 3 1 1 
2 5 4 9 1 3 4 1 2 4 4 5 3 
