r2_maxRetry_t2l4	r2_maxRetry_t2l7	worker2_maxRetry_t1l2	worker2_maxRetry_t3l3	worker2_maxRetry_t1l6	worker2_maxRetry_t1l9	worker2_maxRetry_t3l8	worker2_maxRetry_t1l5	r1_maxRetry_t3l1	r1_maxRetry_t2l2	r1_maxRetry_t3l2

4 7 1 1 1 2 5 4 4 9 8 
5 9 5 2 3 1 5 1 2 5 8 
6 3 4 1 2 5 4 5 7 9 4 
2 5 3 1 4 2 1 2 5 6 9 
6 7 5 2 4 1 2 5 4 2 6 
7 4 1 3 4 2 4 1 3 4 9 
9 4 2 1 1 2 3 5 1 6 6 
9 4 1 1 5 4 4 4 7 9 8 
7 3 2 2 2 1 2 5 5 7 9 
4 5 5 1 3 4 2 1 5 5 10 
6 9 1 2 4 4 4 3 3 3 8 
6 5 3 4 3 2 4 3 2 7 8 
8 6 1 1 4 3 2 5 3 2 5 
2 8 1 2 4 1 3 2 2 7 5 
10 7 3 1 4 3 2 5 6 3 8 
4 9 3 3 5 2 4 1 3 4 9 
6 4 1 3 4 2 4 1 3 4 9 
4 5 5 1 3 4 2 1 5 5 8 
3 7 3 1 4 3 2 5 6 3 8 
10 2 2 1 1 4 2 1 1 5 1 
8 6 1 1 1 4 2 5 2 8 2 
6 3 4 1 2 5 4 5 7 9 4 
6 7 5 2 2 1 2 5 4 2 6 
6 9 2 1 2 5 1 4 6 6 6 
2 5 3 1 4 2 1 2 5 6 9 
9 9 4 4 3 2 4 3 2 7 8 
5 1 3 1 3 5 2 4 1 7 9 
6 5 5 1 3 4 2 1 5 5 10 
9 4 2 1 1 2 3 5 1 3 9 
7 3 2 2 2 1 2 5 5 7 9 
10 7 3 1 2 2 3 3 2 9 7 
7 4 1 3 4 2 4 2 8 10 3 
