P=? [ F "success" ]	R=? [ F "done" ]
1.0	28.1846
0.9999	28.1835
0.9999	28.1835
0.99	28.074
0.9408	27.437
0.9699	27.7897
1.0	28.1846
0.9898	28.0728
-0.0	0.0
0.9603	27.7315
0.999	28.1725
0.9127	27.1812
0.9409	27.526
0.9982	28.1659
0.97	27.7903
-0.0	0.0
0.9982	28.1659
0.99	28.074
0.9982	28.1659
0.9898	28.0728
0.9991	28.1728
0.97	27.7903
0.999	28.1725
0.9408	27.437
1.0	28.1846
0.999	28.1725
0.9891	28.062
-0.0	0.0
0.99	28.074
0.989	28.0617
0.9409	27.526
0.9982	28.1659
0.9408	27.437
0.9999	28.1835
0.97	27.7903
