P=? [ F "success" ]	R=? [ F "done" ]
0.99	35.1224
-0.0	0.0
0.9899	35.122
0.99	35.1224
0.99	35.1224
0.9991	35.2115
0.9889	35.121
0.9999	35.2125
-0.0	0.0
1.0	35.2134
0.9801	35.0817
0.9606	35.0811
0.9999	35.2125
1.0	35.2134
1.0	35.2134
0.9603	35.0611
0.9991	35.2115
0.9999	35.2125
0.99	35.1224
-0.0	0.0
0.9999	35.2125
0.99	35.1224
0.9703	35.0812
0.99	35.1224
0.9899	35.122
0.9991	35.2115
0.9998	35.212
0.9999	35.2125
0.9999	35.2125
0.99	35.1224
0.9991	35.2115
0.9801	35.0817
1.0	35.2134
0.99	35.1224
0.9991	35.2115
0.9991	35.2115
0.9991	35.2115
0.9999	35.2125
0.99	35.1224
0.99	35.1224
0.9999	35.2125
0.9898	35.1219
0.9981	35.2106
1.0	35.2134
0.9889	35.121
