P=? [ F "success" ]	R=? [ F "done" ]
1.0	43.2131
-0.0	0.0
0.9699	42.9399
0.9999	43.2128
0.9882	43.1209
0.9801	43.0825
-0.0	0.0
-0.0	0.0
0.999	43.2044
-0.0	0.0
0.97	42.9402
0.9898	43.1622
-0.0	0.0
0.9897	43.1323
-0.0	0.0
0.99	43.1626
0.9507	42.8215
-0.0	0.0
-0.0	0.0
-0.0	0.0
-0.0	0.0
-0.0	0.0
0.9601	42.8906
-0.0	0.0
-0.0	0.0
0.9603	42.8912
0.9891	43.129
0.9898	43.1622
-0.0	0.0
0.9882	43.1209
0.9898	43.1622
-0.0	0.0
-0.0	0.0
-0.0	0.0
0.97	42.9402
0.9998	43.2126
-0.0	0.0
-0.0	0.0
0.9602	42.891
0.9991	43.2052
1.0	43.2131
